10000 10000
0 6609 0.319000
2 6956 0.351900
2 9213 -2.155000
3 9512 0.167600
6 7630 0.055700
8 6734 -0.407000
8 9764 1.423600
12 606 -0.641600
13 2419 -0.431800
22 8544 0.133900
24 193 -1.451700
27 596 0.129800
28 1828 -0.914000
29 7811 0.436800
40 5516 0.282800
43 4917 0.462300
44 1490 -0.578700
44 9949 -0.459600
48 7153 -0.666400
52 6733 0.286600
53 7186 1.095400
57 4382 0.913500
60 1005 -0.896000
60 3879 1.042800
60 8619 -1.081800
64 656 -0.048200
64 9493 -1.426100
65 1845 -0.794000
68 7030 -0.221500
73 3535 2.328800
76 5180 -0.285100
84 1449 -0.004100
85 495 0.782200
85 8894 0.468900
90 5610 -1.014800
90 6514 2.220200
90 9901 0.582900
94 1904 0.260900
95 3006 -0.969000
97 1947 0.324400
98 9930 0.659100
100 9784 0.170900
103 1886 -0.381800
103 3958 -0.308400
103 5058 -1.457400
103 5847 0.061400
103 7237 -1.339200
104 8121 -0.337300
104 8354 1.951300
109 9243 0.175200
113 2269 0.163900
114 5736 -0.654700
117 5515 0.193700
119 68 -0.681400
119 4958 1.175500
121 1294 -0.508900
123 7024 -0.101300
124 4522 -0.708500
129 9006 -1.584300
132 2696 -1.315700
137 1207 1.064500
138 2038 0.215600
141 9723 1.495900
144 5657 -0.980900
147 281 -1.065200
148 1010 0.140500
149 8141 -1.449900
149 8223 1.448300
152 5306 0.421500
154 1980 0.896400
157 614 -0.779100
159 1141 1.794600
159 2579 0.391300
164 1863 -1.413000
164 3110 1.274200
167 5121 -0.397100
168 181 -0.086000
171 6245 -1.754300
173 1237 0.022400
176 5150 1.028100
176 8761 -0.706000
177 7573 -0.029700
184 2762 0.550200
185 5966 0.229800
186 4279 0.998600
188 1600 0.537900
189 1157 0.153400
192 5650 -1.706800
193 5342 -0.975000
195 715 -0.204600
195 1583 -0.942000
195 8495 2.392200
199 1441 0.087600
199 9247 1.262300
200 9456 2.081700
201 4868 -0.788000
203 776 -0.463800
205 4760 0.693500
208 6678 1.053100
210 3324 -0.325400
211 8485 0.879300
216 2004 -0.544800
216 6589 0.288200
218 5327 -0.769100
220 5342 -0.813300
225 3669 0.027600
226 9153 1.119100
228 1614 1.840700
230 5690 -0.274000
231 701 0.374000
236 5140 0.747000
239 1349 0.362800
244 9669 0.146800
246 2813 0.186500
246 9556 1.278500
250 923 -0.796700
250 5002 1.383500
258 5514 -1.892200
258 7641 0.549900
259 4162 1.949800
260 4833 -2.216900
266 8212 -0.498900
266 9843 -1.333600
267 5530 0.480300
267 5658 -0.680600
270 769 0.886700
270 9677 0.081500
275 1311 1.971800
275 6407 2.450000
275 9529 -0.329500
279 1005 -0.543500
280 6455 -0.644700
281 9107 1.350800
282 2886 0.712600
283 3790 -0.011400
283 6585 -0.430200
284 5818 -0.293400
286 571 0.508000
287 2944 0.836900
288 5822 -0.908900
292 8572 -0.978700
297 6954 1.216500
299 958 -0.210100
299 8007 0.747800
300 1746 0.509100
300 4448 0.482900
301 4036 0.411000
302 5915 -0.156900
303 784 0.755700
305 1792 1.850900
312 3690 0.244000
314 7506 -1.409500
315 6705 0.528400
322 1059 0.955500
325 547 -0.486100
325 5431 -0.913300
326 6030 -0.571700
328 7949 0.860900
329 9854 -0.344100
332 221 0.597400
336 5983 -0.314300
337 7549 -0.383200
338 2799 0.301600
340 5812 -1.186400
343 6967 1.324400
352 474 0.604900
352 9989 -0.000900
354 8763 0.256300
357 7451 -0.904900
364 842 -2.236500
365 2277 -0.549000
365 3499 3.013800
367 6004 -1.228400
370 8335 2.313600
374 4057 0.161200
376 7012 0.107400
377 976 0.807900
377 5307 -0.729800
379 8155 -1.036400
380 8457 0.690200
381 1587 -0.745000
388 3346 0.810700
389 581 1.428100
392 9457 1.084600
393 4902 1.234400
397 7298 0.157900
398 9988 0.169900
400 5250 -1.227100
400 9540 0.138300
401 9140 1.761600
406 6293 0.454500
411 691 0.817100
412 62 -0.737300
413 1037 0.989300
414 1148 0.381100
414 3656 -1.103700
418 1342 1.525400
420 8399 -1.266700
421 4623 1.076200
422 1498 -0.979000
424 8777 1.542800
425 916 1.294000
426 486 -0.717900
428 3394 1.218600
430 304 -0.886600
430 8026 -0.784500
438 981 1.159700
438 5198 -0.599100
438 7492 0.235000
438 9825 -0.051900
439 8065 -0.439500
442 3403 0.072600
443 5649 -0.819200
443 7070 -0.042300
444 3942 -0.665300
445 8682 -1.073800
446 3769 0.406500
447 2815 1.471600
447 3295 -0.059100
448 5619 -2.028100
449 7876 0.946200
450 341 0.021100
450 5463 0.860700
452 2410 0.463400
452 4874 -0.216700
454 6123 0.640000
454 7182 -0.340300
454 9898 -1.668700
456 203 -0.026600
456 8392 0.800700
457 5425 -1.729900
459 289 -0.689200
459 1160 1.378700
460 8800 1.429600
461 3919 -0.699100
462 4908 1.066700
462 9602 -1.591600
466 5451 -1.314900
470 2239 -1.367500
471 4715 -1.515500
473 438 0.705000
481 1378 -1.067900
481 2708 0.870400
482 4039 -1.288500
482 7539 0.154000
483 9844 1.367300
484 5207 0.405500
486 4449 -0.099800
487 2457 -1.454000
487 9517 -0.024100
488 9858 -0.364700
489 2089 1.117600
497 5245 0.560500
499 4410 0.849100
502 6523 -2.308000
506 4665 -0.028400
506 6943 -0.192200
507 6024 0.765000
508 1715 0.471400
508 8896 -0.573700
509 1186 0.968500
509 8314 0.354000
510 7628 -0.162700
511 8762 1.624200
513 9734 0.016700
515 4929 -1.262800
520 5548 0.971400
523 455 0.965400
523 4039 -0.851600
525 4620 1.262900
527 1644 -0.044900
527 7360 0.323800
527 9855 -1.115000
529 9258 -1.046400
539 2562 -0.271900
539 7946 -0.147200
541 4246 1.683900
547 7697 -0.008200
547 9928 2.146000
550 4004 0.537800
554 383 -1.271100
554 5417 1.115500
555 3489 -0.352100
556 4749 -0.071200
556 5876 0.360700
559 5941 0.627700
560 5796 -1.510400
560 7237 0.331000
560 8788 0.068200
560 8807 0.758000
563 6880 -0.176400
566 8856 -0.451900
569 936 -1.100900
578 3695 1.586100
579 1724 -0.921700
581 2927 1.255400
585 6993 1.774800
585 7219 -1.379600
585 9521 -1.424600
586 5599 1.175400
587 9517 0.169400
588 6587 0.344900
594 4735 -0.703000
594 5755 -0.070900
595 3172 -1.326200
602 9752 -0.005300
605 4729 -2.123300
606 6877 0.199300
608 4436 1.252500
612 6503 -0.688300
612 9177 -0.164900
612 9339 -0.413600
614 4373 1.380400
616 2604 0.807800
617 9629 -1.570300
620 8398 0.361200
621 2610 0.755500
621 3037 -0.015700
621 5665 -1.098100
622 1793 1.053000
622 4122 1.077800
623 9684 -0.045900
624 2493 0.332400
625 60 0.377700
631 794 -0.079600
631 3426 -0.249900
639 3135 1.567200
640 381 1.120900
641 6462 -0.020300
644 3764 0.209700
646 8526 0.519500
649 8379 -0.357800
650 399 1.401500
651 2641 0.661900
655 1222 1.884700
663 2367 0.738000
666 4214 0.422100
668 9081 1.048400
669 4628 0.430800
670 7716 -0.337100
671 2700 1.461000
673 350 0.194200
674 730 -0.106400
674 1129 -0.288700
674 7833 -0.456800
676 4021 0.133300
678 4835 1.195200
679 3032 0.641400
680 6674 0.333400
682 8531 -0.020200
683 2813 -0.474300
687 8389 -0.125000
688 2754 -0.601900
693 680 1.618600
699 3792 0.141100
701 5966 -0.174900
705 5867 -0.715000
708 4773 2.475100
710 1383 -0.531400
710 5512 -0.660000
717 7290 -2.307400
718 832 -0.861000
721 1093 -0.111000
732 4120 -0.340300
733 4228 0.486200
735 1374 -0.692700
739 8611 -1.568500
740 2902 0.593200
745 7906 -1.307200
746 7213 0.869100
747 9997 0.147500
749 5590 -1.076000
750 7428 1.725900
753 9792 -0.272200
755 538 1.194000
755 8598 0.034900
760 7316 -0.234600
760 7447 0.309500
761 6394 0.525300
761 7257 0.194900
762 3448 -0.207700
764 330 -0.340100
764 6397 -0.305800
767 7380 0.300300
770 1821 -1.706700
771 9391 -1.056200
777 2271 1.834000
777 3457 -0.252400
780 1818 0.925900
780 6876 -3.229300
781 36 1.650900
782 5854 -0.312200
782 8354 0.677100
783 5719 -0.816300
787 2662 -1.021500
787 9117 -1.942900
794 567 -2.328500
794 7593 -0.926500
795 9207 -0.131700
800 343 -0.668100
800 5756 0.376500
809 4596 -0.582600
809 9002 0.437400
810 1901 -1.736900
811 9855 0.861000
812 4635 0.048900
813 2654 0.072500
814 5368 2.144400
815 5582 0.424500
815 8049 0.982300
817 7413 -0.965200
819 8895 -0.606100
822 4941 -1.049200
826 2275 -2.141200
826 7088 -1.411900
829 7833 -0.487600
830 9281 -1.808100
833 4735 -0.380800
833 7666 -0.048500
834 197 -1.331400
838 8121 0.393500
841 4303 -1.188300
842 4325 -1.432300
842 7978 0.347100
846 2150 0.163400
847 1037 -1.886300
851 7489 0.689500
851 9101 1.110600
856 2768 0.817800
857 3672 -0.313900
858 7671 -0.413200
860 7445 0.587100
862 7528 0.905200
862 9387 0.024400
863 2378 -0.197800
864 8330 0.365200
864 8717 0.391300
866 931 0.131700
866 4409 0.631600
868 2862 1.943000
874 5592 -0.443200
875 576 -0.082300
876 6840 1.082600
878 9154 0.018100
884 5264 0.021500
888 2464 -0.115100
889 2715 -0.875500
895 3333 1.661300
896 733 -0.596400
897 7775 0.317300
897 9258 1.080200
900 5799 -0.318600
900 9574 -1.894100
902 1505 0.562500
903 4217 -1.764400
906 57 -0.764200
906 8071 -3.364900
911 4595 1.002800
911 6073 0.705500
914 4281 -1.240000
918 8551 -1.034500
929 4131 1.471600
931 7054 0.818200
932 5102 0.598500
934 5075 -1.176800
935 767 -0.152000
942 1829 -0.985500
942 4741 0.359800
944 8568 -0.563400
948 6323 0.217400
948 8768 -1.232900
951 1134 0.221700
951 9083 -0.293300
954 831 0.587000
955 286 -0.768400
956 1273 0.902600
956 1418 0.297600
956 4642 -0.205800
964 6073 -0.987100
965 5610 0.994400
965 9400 0.297100
967 6017 0.162300
967 6661 0.161200
969 3731 0.894100
970 6780 -0.956900
972 3008 0.052000
975 1507 1.192200
975 3016 -0.736800
975 7783 0.973500
976 2129 -1.363000
977 2444 -0.875200
977 9195 1.313000
981 5479 -0.611400
981 7655 0.888200
984 7885 1.088800
986 7526 0.108200
990 857 0.232000
996 558 1.474300
998 2720 -0.261900
998 5374 -0.212600
1003 1223 -0.099400
1004 7061 0.314900
1009 8443 0.277500
1013 965 0.898700
1013 5024 -0.514100
1014 8651 -0.712100
1016 1209 0.640900
1017 2112 -0.148400
1021 551 -0.120500
1024 4311 0.310000
1025 5895 -0.903100
1026 2173 -0.426800
1028 7437 0.537100
1030 1554 0.451800
1034 1694 1.400100
1036 7577 0.125600
1038 1142 0.257200
1038 1449 0.207200
1039 9533 -1.660300
1044 3701 -0.908400
1048 8992 -0.938900
1049 4206 0.037800
1050 2252 -1.063700
1053 8855 -0.175300
1056 586 0.018600
1058 2009 -0.126900
1061 9433 0.113700
1061 9604 -0.192800
1065 3313 0.150000
1066 948 0.464100
1069 4861 0.604100
1069 9263 -0.991700
1073 202 -0.465500
1075 2197 -0.576000
1075 9556 0.348800
1076 503 -0.593000
1084 2895 -1.550300
1089 2574 -0.886300
1090 2324 -0.413800
1091 3135 -3.006200
1091 5814 0.732200
1091 8452 0.551400
1094 2356 2.048800
1095 3900 0.012500
1097 3483 -0.166200
1097 3681 0.532600
1098 9212 -0.600000
1100 2582 -1.610400
1100 6604 0.482400
1101 9343 -1.171000
1103 5146 1.898500
1104 1226 -0.094200
1105 8899 -0.877900
1111 9453 -1.888300
1114 5529 3.166200
1115 7066 -0.743700
1117 7794 2.080200
1117 9068 -0.564600
1118 3518 0.595700
1120 2113 -0.038700
1122 4528 -1.012500
1122 7910 0.900300
1127 212 -0.848500
1128 3793 0.718300
1131 4006 -0.405700
1135 5782 0.950000
1136 6894 -1.223200
1138 5928 0.558400
1140 5677 0.225400
1141 7547 0.047000
1142 7162 -0.141400
1145 7831 0.853500
1146 2615 -0.515700
1150 3726 1.043000
1158 8871 0.731500
1159 128 0.611800
1159 2513 -0.119300
1159 2920 -1.716700
1162 6353 0.066500
1164 4399 -0.075900
1164 6046 -1.106400
1166 4372 -0.441700
1166 7287 0.015600
1168 2251 1.105700
1168 5534 0.880200
1171 2775 0.231500
1173 2387 1.807300
1173 6885 -1.110200
1174 2111 0.760600
1175 5702 -0.682400
1177 8049 0.878600
1178 5615 -1.084900
1178 8200 0.573000
1181 1236 0.317900
1181 3649 -0.273000
1181 5116 -0.828000
1185 3303 0.981700
1187 6327 0.408700
1188 5766 -1.051900
1188 9464 0.079900
1190 1733 -0.655600
1193 7798 0.235300
1197 935 -1.030600
1201 1167 0.069500
1205 5953 0.089500
1207 8049 -1.908500
1211 3122 1.002900
1211 4130 2.183000
1214 8339 -0.521300
1216 6957 1.194000
1219 684 0.161800
1220 442 0.313700
1221 7538 1.384000
1224 7274 0.989600
1225 4800 0.755500
1227 9230 1.393000
1238 4214 -1.864900
1239 9374 0.106800
1240 4980 -0.234300
1246 6920 0.087200
1246 8152 -0.600300
1247 8959 -0.547000
1249 1595 -2.380700
1255 9360 0.513300
1263 5669 -1.734900
1264 84 1.509800
1270 3895 0.041900
1273 3057 -0.648800
1274 1638 -0.715600
1275 9384 -0.723800
1277 4107 1.258600
1281 288 -0.327900
1283 7790 2.004200
1284 6763 -0.081500
1289 2846 1.076200
1289 9277 -2.155300
1291 5801 1.106200
1292 1440 0.846300
1292 6573 1.309800
1292 9063 1.445400
1293 5893 0.558700
1296 8325 0.955300
1297 4153 -0.836100
1298 1662 0.820800
1298 5433 -0.645100
1298 5447 -1.482500
1300 2669 2.636300
1302 7689 -0.122800
1304 4683 0.706400
1307 1610 -0.048700
1308 3073 -1.077700
1309 4286 -0.863400
1310 8628 -0.098400
1312 1263 -0.536600
1313 9508 -1.123100
1314 5072 1.059600
1316 7769 -0.473800
1317 1389 2.401100
1318 912 -0.484200
1319 8965 -0.369200
1326 9783 -0.879400
1329 1227 1.829200
1330 7533 -0.050300
1330 8562 0.374000
1331 6499 1.077600
1335 3032 0.643200
1335 7072 -1.656600
1337 1308 1.535900
1337 7530 0.394100
1338 8699 0.576800
1339 1005 0.599800
1339 2122 -0.310800
1341 4521 0.415100
1341 9280 0.710600
1343 9323 -1.094700
1344 858 -0.157000
1344 7369 -0.391000
1347 9033 0.226000
1350 240 -0.246700
1350 3221 0.033700
1352 6761 -0.132500
1355 6699 2.954800
1357 4726 0.786200
1361 9226 -1.468600
1362 7416 0.597500
1363 1435 -0.862700
1363 6214 0.489500
1366 5697 -0.438400
1366 9188 0.282600
1367 7705 -0.701100
1369 6835 0.293900
1375 4330 0.759100
1375 4810 -0.068600
1379 6378 0.496500
1380 5011 1.267000
1382 8300 -0.966100
1385 8584 1.447500
1388 8535 -0.655200
1388 9827 0.382800
1390 3526 -1.196500
1391 9541 -0.452300
1392 4480 -1.274300
1393 5502 -1.243400
1393 8688 -0.304000
1395 4595 -0.439600
1397 5711 -2.331000
1397 6213 -0.347600
1398 801 2.366400
1398 2987 -0.994700
1400 638 0.089800
1400 2186 -0.086200
1400 4301 0.564600
1406 8191 -0.975000
1406 9846 0.237000
1407 9771 0.178300
1409 7245 1.109600
1410 2157 -1.073200
1412 57 -0.633100
1415 1717 0.011000
1418 1316 0.560100
1419 2963 -0.634300
1421 434 0.290400
1423 2532 0.691100
1423 8723 1.509400
1425 1648 -0.305200
1428 4826 -0.572700
1429 360 0.008300
1430 4942 0.662200
1436 224 -0.074100
1436 4858 -1.290900
1436 5302 0.146500
1437 9432 -1.251800
1439 631 0.753500
1444 2763 -1.198100
1444 3762 -2.323300
1446 9498 -1.034300
1447 7773 1.066300
1449 19 0.346600
1449 460 -0.852400
1454 5845 -0.513200
1461 1941 0.064500
1464 5267 -0.237300
1464 5582 0.034500
1465 8652 1.241100
1470 7812 1.532900
1478 673 -0.981000
1480 6068 -0.991900
1481 9573 -0.060200
1488 8946 -0.200400
1492 167 0.332200
1492 3288 -0.191000
1493 4325 -0.080600
1493 8354 0.940300
1493 9466 0.424100
1494 4563 2.412000
1494 5235 -0.028900
1495 1241 -0.443200
1499 7988 0.116400
1501 8814 -0.274700
1501 8946 0.898900
1509 2352 -0.440400
1509 4108 -1.807800
1510 3926 -1.416300
1513 9082 -1.025000
1514 115 -2.327300
1516 994 -1.416600
1520 4779 0.951700
1520 7718 0.459800
1521 619 -0.911600
1521 663 -0.873300
1528 8390 -1.284200
1530 642 -1.391100
1530 8668 -0.361900
1536 364 -1.908400
1537 7472 -0.433200
1538 407 -0.583900
1539 8441 -0.034900
1541 3256 1.423300
1544 6727 -0.949600
1545 6179 0.019400
1546 5426 0.107900
1547 5112 0.120800
1547 7626 0.672300
1549 1237 -0.684300
1549 8452 -0.881200
1550 7956 0.311400
1552 4933 0.179100
1554 660 0.611400
1556 564 -1.214600
1558 1729 0.907600
1559 4821 -0.182600
1560 8058 -0.193100
1560 9241 0.944000
1560 9522 -0.017100
1561 3734 -1.136800
1562 51 -0.057300
1562 4461 1.422400
1562 8196 0.041700
1571 4941 -0.302500
1575 9705 0.956600
1576 3474 0.858900
1576 5871 0.297800
1579 7977 -0.147100
1583 8885 0.025400
1584 4532 1.154000
1588 2544 0.580800
1588 5755 0.701500
1588 7786 -0.795200
1589 6379 -0.088900
1592 3184 -1.611900
1594 5561 1.456900
1595 8456 -0.206100
1600 625 -0.797500
1600 1103 -0.086300
1603 1286 0.651800
1603 8927 -0.055500
1604 4736 1.090500
1607 760 -1.482900
1607 1477 -0.544200
1607 2371 -0.036100
1608 3143 -0.987900
1608 6004 0.415500
1609 6468 0.111000
1612 6774 -0.384600
1614 4590 2.201400
1622 5387 -0.425300
1623 2666 0.790800
1624 316 0.814300
1626 856 1.366900
1626 5234 -0.671500
1630 2526 0.161500
1634 3136 -0.438300
1635 9104 0.382700
1636 7304 0.230000
1640 9410 -0.058700
1642 2449 1.742600
1644 505 1.084400
1647 7566 1.141700
1648 3177 0.292300
1650 4000 1.374700
1652 6630 -0.463500
1653 4742 -0.157000
1655 4420 0.494900
1665 2180 -0.067200
1665 5346 -0.715300
1665 8478 -1.757000
1667 4506 -0.961000
1667 9089 0.531700
1671 8106 -2.083800
1674 3690 -0.320100
1674 9685 0.040700
1676 7113 -1.187900
1681 6301 1.230800
1682 539 0.131100
1685 1743 -0.628900
1685 1901 -0.049900
1685 6461 -1.208800
1686 9862 -0.256300
1687 5412 0.894300
1688 5880 -0.572700
1689 3293 0.673500
1692 3424 -0.007000
1696 1497 -0.052500
1696 4830 -0.852900
1698 4694 -0.273400
1698 5926 -0.983400
1698 9525 1.524200
1703 9587 0.653800
1704 9376 0.558400
1709 2317 -0.263600
1711 6700 -0.738200
1714 8787 -0.389100
1715 4272 0.641300
1715 6303 -1.192700
1715 8380 1.397700
1716 2263 1.990500
1720 4548 0.897100
1725 2682 -0.350500
1725 5071 0.666800
1726 2173 0.494200
1726 9321 1.425200
1727 7476 -2.322700
1728 5821 -0.881100
1729 2775 -0.164800
1735 917 1.599000
1737 8149 0.913900
1740 2346 -0.613000
1741 3715 0.828400
1741 7243 0.176900
1743 2949 -1.182100
1743 7309 1.544600
1744 5575 0.827400
1748 3060 -1.340200
1750 5179 -0.437600
1751 8729 0.793800
1752 1581 1.396100
1752 3535 0.637700
1752 7487 -0.919400
1752 7980 -0.726000
1755 7134 0.044900
1758 3210 1.007000
1762 7457 -1.926400
1767 8149 -2.403600
1769 9195 1.476900
1770 8096 2.650300
1772 7614 -0.069500
1775 7044 -0.261300
1776 290 0.858800
1778 4576 0.207600
1783 1251 -0.340600
1783 2523 -0.384300
1786 6148 -1.278100
1789 238 1.768200
1789 618 1.656900
1790 6803 1.375400
1797 3190 0.967300
1803 4589 0.365800
1805 6035 1.441100
1806 8727 1.192700
1807 2098 -0.626400
1807 9559 1.033200
1811 3792 -0.102700
1812 8930 -1.437500
1813 7685 -1.129800
1815 105 -1.440900
1818 5197 0.493000
1821 3316 1.517700
1822 2759 -0.042300
1823 8885 0.519600
1827 2261 -0.770400
1830 6506 -0.762300
1830 8869 -0.477100
1831 234 -1.043000
1832 7594 0.915500
1835 458 -0.081400
1835 1270 0.080700
1836 4200 1.106200
1837 9884 -0.975200
1840 5667 -0.053600
1841 6560 0.946200
1843 7893 0.095200
1852 9835 1.066100
1853 7385 0.309600
1853 9564 -1.392700
1853 9626 0.961800
1854 6867 -0.890600
1855 9674 -1.380700
1856 1732 -0.008500
1861 226 -0.106900
1862 2851 -0.393000
1864 6020 0.826900
1865 7530 -1.466200
1866 5151 -0.920700
1866 6988 0.580200
1867 9908 1.044500
1869 3134 0.644200
1870 5705 0.290300
1872 8770 2.228500
1874 6024 -0.355900
1874 9104 0.159400
1876 6559 -1.516700
1881 5048 0.109300
1882 1577 -0.679300
1884 4232 0.225900
1885 8648 1.671000
1887 6308 -0.791300
1887 9859 0.430800
1894 171 -0.419200
1895 9528 -0.220800
1896 6737 0.315100
1897 4959 -0.761500
1900 1527 -1.107500
1902 7919 0.162300
1902 9793 -0.129200
1912 9818 -1.837700
1913 673 1.050200
1915 5188 0.074000
1917 7517 0.117200
1918 1934 0.266400
1921 8219 0.956200
1923 8864 -1.025700
1924 3868 0.743600
1925 7089 0.293300
1927 2626 1.941800
1930 3385 -0.105500
1939 1738 -0.154900
1942 8362 1.522600
1948 6191 0.598200
1955 6262 0.099000
1955 8689 1.480700
1959 9896 -1.352900
1960 180 -1.225100
1960 7190 1.097200
1963 7499 0.266100
1964 7681 0.667600
1966 1507 0.655900
1967 9012 0.966000
1968 9060 -0.230100
1969 9991 -0.012100
1971 3881 -0.240100
1973 1706 0.458500
1973 4445 -1.686200
1973 7620 -0.423900
1974 5193 0.006600
1980 8477 1.792800
1981 6901 -0.741100
1987 4232 0.064300
1987 5861 0.479400
1988 6381 0.949700
1988 9397 0.128300
1991 565 -1.793000
1993 3081 0.623700
1995 2119 0.844000
1995 5988 0.641100
2000 8222 -0.343800
2004 7488 -0.823100
2007 132 0.909700
2008 6623 0.369400
2008 8463 -0.141600
2011 2551 1.113200
2012 6056 -0.106400
2017 6229 -0.523600
2020 9086 0.270100
2022 7587 -0.122400
2022 8616 -0.874400
2028 3896 -1.389000
2030 6627 1.379700
2034 965 0.161900
2034 5365 -1.085700
2037 2143 1.214700
2037 3767 -0.810200
2039 5804 -0.838400
2041 5155 0.305500
2043 1480 0.380300
2044 96 -0.581700
2047 2739 0.272500
2051 5420 -0.446900
2055 9259 0.347200
2059 3641 0.615000
2061 2226 -0.808900
2062 2335 0.145200
2063 1215 1.207300
2064 5957 0.431900
2065 4347 -1.848600
2068 8679 -0.534000
2071 181 -0.783000
2071 2419 1.519100
2071 8736 -1.172300
2073 873 -1.437900
2073 4186 -1.047100
2073 4457 2.249900
2075 6915 0.716100
2075 7877 -0.892600
2077 4121 0.492600
2081 1967 0.378300
2084 327 0.302300
2087 28 -0.439900
2087 810 0.186000
2089 574 0.877100
2090 4225 -0.509800
2091 2649 -0.371500
2096 5382 -0.464300
2099 3014 -0.735800
2101 7669 0.588800
2103 4774 -2.441100
2103 7173 -0.321800
2104 831 0.623800
2106 929 -0.950600
2106 2920 -0.933700
2106 5376 -1.505100
2106 9277 -1.710500
2108 7685 0.557600
2109 6132 -0.411100
2112 581 0.706400
2113 2394 0.589800
2114 8484 -0.781800
2117 4573 -1.054200
2120 3813 -2.814900
2121 387 1.218900
2121 2747 0.271300
2122 2564 -2.100000
2123 2805 -0.262700
2125 1509 1.670900
2126 306 -0.423500
2128 1378 1.317200
2128 7208 -0.693400
2130 9007 -0.006300
2137 641 1.369600
2137 9612 1.701000
2138 2742 -0.925100
2139 2946 0.549000
2140 6384 -0.632100
2140 8550 0.429900
2141 2564 -1.695500
2142 2618 0.595900
2142 6170 0.970600
2144 5162 -0.715500
2147 1713 0.528400
2147 8022 -0.999700
2148 7341 -0.449600
2150 7951 -0.871100
2151 2981 -0.452700
2151 7089 0.396700
2153 3217 -0.664600
2154 2595 1.981000
2156 8920 -1.357300
2157 6981 -0.977300
2158 11 0.819800
2163 9715 1.107700
2165 7102 -1.191700
2168 547 0.934900
2169 4962 -1.643800
2170 164 -0.370600
2172 3902 -0.102200
2178 5808 -1.843300
2179 1421 0.695600
2180 6624 1.032300
2181 4937 -0.097200
2183 4660 -1.436000
2183 7433 0.509000
2184 3441 -2.159900
2184 9342 -0.048700
2185 6141 0.320400
2189 7278 1.164600
2190 6049 -0.644500
2193 7237 1.174400
2194 1711 0.277900
2213 3384 -0.966700
2217 3446 0.381200
2217 3961 1.184800
2219 6531 -0.003700
2219 8232 0.706200
2221 7554 0.845000
2222 3704 -0.245800
2222 4753 -0.016600
2224 2745 0.623900
2226 8886 1.187500
2228 6647 0.709700
2229 3617 1.894000
2229 8363 -0.243100
2237 2994 -1.071500
2243 7885 0.528400
2244 2122 0.567000
2244 2514 -1.013400
2248 4335 -0.111300
2250 4652 0.942000
2250 7488 -0.697700
2251 9292 -1.533600
2253 9539 -0.143600
2257 2567 0.149000
2259 9130 -3.065000
2264 5130 -0.448100
2267 8818 -0.973900
2268 8200 -0.085600
2269 9863 -0.140800
2270 5135 0.312100
2271 4351 -0.542600
2272 3943 0.019100
2274 7552 -1.263800
2281 221 0.228400
2285 4799 -1.968600
2295 6412 1.254100
2295 8998 -0.697900
2302 1971 1.747900
2302 9870 -0.348500
2304 6312 0.005400
2304 7960 0.250700
2305 321 -0.650600
2306 3820 -1.269000
2309 6500 0.651800
2313 1025 -0.603300
2313 4648 1.398700
2319 6494 0.276800
2319 6746 0.734000
2322 5281 -0.075500
2326 4996 0.033000
2335 9062 -0.103900
2339 4011 -0.544900
2342 5651 0.324500
2343 933 -1.995100
2345 9824 -1.260400
2346 2370 -0.248100
2348 4857 -0.883100
2350 1250 0.672800
2352 852 1.082800
2352 4665 0.145800
2352 6804 0.500500
2357 4719 -0.846100
2358 2995 -0.601300
2359 4963 0.747700
2366 5006 0.156400
2367 9640 -0.291900
2376 7397 -0.153900
2376 7751 0.183000
2379 2868 0.784700
2379 6774 -0.251000
2380 28 0.097500
2381 1331 -1.045900
2382 313 0.948300
2383 5400 -0.477300
2387 586 -0.876200
2395 7347 -2.074800
2396 369 1.009700
2398 5929 1.699000
2399 266 -2.030400
2400 5085 0.812000
2403 4378 0.319200
2404 7843 0.636400
2405 1755 -0.133200
2406 290 -0.992100
2408 8377 -1.348600
2410 4656 -0.157400
2413 47 0.441200
2414 6209 0.704100
2415 6321 2.375900
2416 2881 -0.569400
2420 1273 1.070800
2422 6780 0.759000
2424 8398 0.566200
2426 1603 1.208700
2428 2219 -0.907500
2431 7338 0.098900
2432 3330 -0.875500
2432 9138 0.111900
2434 1457 0.647800
2434 6093 0.174300
2436 9477 0.939400
2437 1565 0.242000
2439 1046 1.192900
2444 8003 0.277500
2445 4734 -0.578800
2447 8755 -1.364500
2448 9700 -0.075000
2454 4525 -0.230900
2455 2145 0.638700
2458 9270 -0.053400
2461 1269 0.942500
2463 4163 0.325500
2464 679 1.022800
2464 4732 -0.879800
2465 1973 -1.185200
2467 4360 -1.799800
2467 4749 -1.305100
2468 7623 -0.858700
2469 7299 -0.653000
2471 1224 -1.005600
2477 6269 0.953200
2477 7203 1.505000
2477 8418 -0.655300
2480 2227 0.378400
2480 4054 -0.542800
2481 2032 1.139300
2481 9678 0.948000
2484 7014 -0.832500
2485 8341 0.092400
2486 7229 0.297200
2488 7684 0.433300
2494 4245 1.405700
2497 1840 0.466000
2499 2912 -1.036100
2499 7017 -0.716600
2500 2302 -0.670100
2502 477 -1.791600
2505 6069 -1.180500
2510 2395 1.481300
2517 6938 -1.125400
2520 6702 1.432500
2524 2500 -1.473000
2525 4713 2.148100
2531 2873 -0.161200
2534 7915 0.701700
2534 7980 -1.806900
2535 5395 -0.408500
2535 5592 -1.341400
2535 6563 -0.635700
2537 5913 1.306400
2538 5119 -1.636900
2539 844 -0.915000
2539 2581 0.117400
2539 3114 -0.581200
2542 6107 0.111100
2544 9707 -0.180400
2546 3809 0.747800
2547 6043 -0.053900
2548 155 -0.501800
2549 7129 0.278900
2549 7597 0.248700
2549 9642 1.248500
2551 8770 -1.110100
2552 85 -0.474800
2552 949 0.038700
2552 6128 0.158000
2553 703 -0.815500
2554 4364 0.940800
2555 2349 -1.340000
2556 7126 -0.646900
2559 8087 -0.959900
2560 8299 -1.094300
2564 3787 -0.364700
2569 6862 -0.547000
2571 9413 -1.316300
2573 2107 0.463200
2576 3672 -0.356200
2577 3485 -0.845700
2578 3780 0.191000
2579 2264 0.560800
2585 2112 0.900200
2587 3227 1.887400
2588 7177 1.670700
2596 1421 0.011200
2601 9255 -0.473700
2602 3950 -0.801000
2603 9495 1.626700
2605 2750 -0.907100
2606 9673 0.163700
2607 1209 0.237200
2607 6256 -0.358100
2613 8166 -1.404900
2614 18 1.237800
2617 2734 0.379400
2617 3253 -1.637800
2617 5302 -0.695400
2619 1638 -1.923800
2620 2420 -1.256600
2620 6686 0.583500
2620 7088 0.679900
2621 8874 0.551300
2622 3325 -0.153000
2624 3722 0.784600
2625 5064 0.858200
2626 2765 0.016500
2627 1335 2.751100
2634 8498 -0.130300
2637 2231 0.870700
2638 6624 -1.646700
2638 8669 -0.702400
2639 1190 0.628800
2639 7785 -0.719400
2640 104 0.604100
2642 8662 -0.456300
2645 522 0.212900
2647 529 0.126100
2650 2670 -0.015500
2651 9475 1.348100
2653 5023 0.112400
2655 8100 0.110600
2658 6091 1.107700
2660 8626 0.332800
2662 4929 -0.856600
2663 7327 1.489300
2667 4366 0.606100
2669 9209 0.565000
2670 3624 -0.007500
2670 7725 -0.423500
2671 7413 -1.051000
2672 2507 -1.127300
2672 4763 1.080900
2673 465 -0.018800
2675 3497 1.054900
2677 2277 -0.246500
2677 5223 0.391900
2679 4396 -1.566100
2679 8878 0.432100
2680 9316 0.649000
2681 1554 0.318800
2684 6892 -0.042100
2685 2589 -1.053300
2685 7380 -1.291900
2685 8461 0.523500
2693 5596 0.501300
2695 8200 0.361400
2698 5771 0.032100
2700 7673 -1.212400
2701 767 1.384800
2703 6389 0.294800
2707 7913 -0.021100
2708 4107 0.056300
2708 4283 1.116200
2708 7875 -1.315100
2708 8534 -0.318400
2708 9553 0.740900
2711 5343 -0.072800
2715 9946 2.204300
2716 1296 -0.356000
2718 2 -1.512000
2718 1337 -1.397900
2720 3881 0.884600
2725 383 -0.136800
2725 2514 -0.722800
2726 2087 -0.829700
2726 9609 -0.345100
2728 1589 -0.010500
2737 4498 -0.350900
2740 3741 -0.502100
2741 484 -1.300600
2742 1385 1.074800
2742 5665 0.353700
2742 6077 2.207000
2742 8440 0.541100
2745 1426 -0.432300
2751 2218 -0.242300
2754 4071 0.554000
2755 3577 0.916400
2755 5858 -0.785000
2757 3786 0.093800
2758 6459 -1.196200
2759 4677 -1.026300
2763 125 1.968000
2765 8790 -0.962500
2766 7585 0.913400
2767 3789 0.034200
2770 1035 -1.279700
2771 9040 -0.336400
2782 9840 0.702700
2785 4802 1.001900
2786 9136 -0.147900
2792 722 -0.683300
2793 1637 -1.355400
2794 1669 -0.637300
2796 502 0.044300
2798 3530 1.534100
2798 5372 -0.286200
2799 2271 -1.788900
2799 3318 0.108100
2800 547 -0.059700
2800 5376 0.034600
2801 9834 0.333300
2803 7324 1.273400
2803 8866 0.994100
2804 4645 0.446000
2804 6126 -1.134300
2806 4464 0.258800
2807 4 -1.611300
2807 5627 1.142700
2809 4113 -0.057600
2810 1657 0.146500
2810 9772 0.408900
2812 8062 1.975200
2815 124 -2.391000
2816 7153 -1.254500
2821 49 -0.879500
2823 1350 0.679600
2823 9409 -0.740600
2824 7894 -1.382400
2825 109 -0.135600
2827 415 0.798800
2827 8409 -0.009500
2827 9111 -0.508300
2828 2179 -0.727700
2831 3741 1.340600
2834 9441 -1.658900
2836 5056 0.272400
2836 8183 0.364200
2838 2943 0.882300
2839 4259 -0.953100
2845 8323 0.072800
2848 772 0.528700
2849 2653 0.007400
2853 484 -1.320100
2854 7614 -0.811800
2855 591 -1.305500
2855 5382 -0.389400
2857 4529 -0.300700
2858 770 1.187300
2859 6711 -0.500100
2860 1649 -0.367600
2861 8737 0.170400
2862 9610 1.498600
2863 3262 0.543200
2868 9613 0.894600
2869 1966 0.058100
2871 7956 -1.017500
2872 5476 -1.442600
2875 3294 -0.145400
2879 8671 -0.767700
2881 4756 0.971200
2883 3188 -0.132000
2886 593 1.064600
2886 4357 -0.393600
2887 2810 0.476500
2891 3242 3.458100
2892 9191 1.084900
2894 470 1.779600
2899 752 0.208000
2902 5129 -1.330300
2902 8087 0.291700
2903 925 -0.004500
2906 7110 -0.311800
2909 4376 0.418600
2909 5447 -1.306000
2912 3807 1.532500
2917 2978 1.700400
2918 8395 0.145300
2920 1844 0.131500
2920 6108 0.165300
2924 1971 -0.167900
2927 3816 -0.217000
2927 9011 0.895700
2932 5054 1.401500
2932 8116 -1.143400
2936 6334 0.300600
2937 4455 0.069000
2942 3233 0.681800
2945 496 0.120400
2946 2012 1.498500
2947 3819 -1.248400
2947 8581 0.023600
2951 7455 -0.775300
2953 4656 -1.602900
2954 328 -0.220800
2954 6056 -0.447800
2963 6527 -1.173400
2966 8130 0.816000
2968 9681 -0.755500
2970 9307 -0.942200
2973 3940 0.543500
2973 8266 1.047200
2975 709 1.596700
2978 1372 0.382600
2979 9369 0.614600
2982 9635 -0.357100
2984 1535 -0.629600
2984 3144 -0.690900
2985 2030 -0.587600
2986 1335 -2.321500
2990 7760 0.298300
2990 7791 -1.555500
2993 2569 1.460500
2993 8600 1.548000
2995 1347 -0.827100
2997 1894 -0.895000
3000 3165 1.825600
3014 5931 -0.501700
3017 8159 0.745700
3020 3009 0.606100
3020 7614 1.230900
3021 8111 -0.220300
3022 2369 -0.076900
3022 4790 -1.180500
3025 8310 1.060100
3028 7181 1.156400
3029 363 0.879000
3031 4600 -0.886400
3033 7671 -0.201200
3034 5961 1.183600
3035 2454 -0.059300
3036 9819 1.149600
3037 5735 1.097400
3040 5606 0.666900
3044 9804 0.286000
3046 2807 -2.370600
3049 2837 0.290800
3057 7517 0.499800
3061 1847 1.067500
3066 2025 -0.395100
3066 4426 0.735300
3070 6015 1.390300
3070 6353 0.004500
3075 437 0.948500
3076 7056 0.379900
3077 1850 0.103500
3079 4900 -0.512000
3084 966 0.276800
3085 2682 -0.390100
3087 865 -1.735200
3090 2518 0.756700
3094 4952 -2.594400
3095 6839 -0.432900
3095 7783 -0.189200
3100 6901 -0.919900
3101 6650 -0.456400
3106 5816 0.773600
3107 2125 0.731700
3112 1147 0.582300
3112 3581 -2.203800
3113 3140 -0.177100
3117 351 1.157300
3122 85 0.359800
3126 5481 -0.355500
3127 3343 -1.821000
3128 3411 0.240100
3130 4888 -0.702800
3132 8720 -1.749400
3133 7026 -0.685700
3139 5176 0.923200
3142 4972 1.307500
3148 2090 -0.460100
3149 2974 -0.934800
3153 7668 0.705700
3155 4676 -1.411200
3157 7720 -0.080000
3157 9884 2.170700
3159 3046 -0.084500
3160 7751 1.119300
3160 8808 1.399800
3162 3281 -1.532100
3162 4903 0.367400
3162 9445 0.286600
3164 20 0.116600
3165 6044 -1.118300
3165 7012 2.215900
3166 7329 1.705800
3168 5358 0.950500
3177 691 -1.836300
3178 419 0.643600
3180 2952 1.044400
3180 8345 -0.949300
3181 917 -1.574200
3182 3611 -0.056400
3184 4914 0.856600
3185 3758 -1.441000
3186 3846 -1.527000
3189 4979 -0.726200
3192 470 0.170700
3192 1143 -0.486400
3194 4284 0.125500
3194 6117 1.103000
3197 7546 -0.102300
3197 7654 0.945400
3201 3784 1.458200
3201 4816 0.044500
3202 3945 0.553300
3205 1018 -1.079100
3207 9383 0.911300
3211 4844 1.623000
3216 59 -0.413200
3216 4444 -0.188400
3216 7760 -1.227100
3218 2877 2.005800
3221 6954 1.134300
3222 3722 1.106800
3224 3943 1.239900
3225 2332 -1.993800
3231 6122 -1.310500
3231 7466 -0.506500
3234 5188 2.304800
3235 2388 0.125400
3239 7391 0.035500
3240 6658 -0.357200
3242 509 0.489600
3244 2506 2.371400
3247 28 2.099400
3248 1815 0.047500
3250 2702 -1.342500
3254 4537 -0.546400
3258 2530 0.276600
3258 5248 -0.523900
3260 908 2.645500
3261 3735 -0.517600
3263 4989 -0.695500
3264 245 -1.627100
3265 9423 0.737300
3266 8009 0.011900
3267 5009 0.059100
3269 5170 -2.406800
3269 6278 1.242700
3270 819 -0.820000
3271 5694 -2.070300
3271 6780 -3.320700
3271 8312 -1.174300
3273 3054 -0.787400
3276 6245 1.204400
3278 4730 -0.078200
3285 4228 -1.564000
3289 9631 -0.972000
3294 4748 -2.106300
3296 5824 -0.309600
3296 7028 0.645500
3296 7728 -0.898100
3317 1221 -0.468200
3318 4406 0.802300
3319 9202 -1.111500
3320 1384 -0.606900
3320 9845 -1.451300
3323 9463 0.120600
3325 2720 0.373100
3329 2696 1.468100
3329 6219 -1.474700
3331 2064 0.148200
3332 1621 0.635100
3332 1626 -0.379400
3332 5387 -1.433600
3337 1414 -1.403300
3337 4873 1.946800
3338 8820 -1.312300
3341 1521 -0.452800
3341 7476 -1.734600
3342 4662 0.164300
3343 5448 -1.491900
3344 5808 0.509000
3345 2090 0.269700
3345 7890 -1.357300
3351 7017 0.199100
3359 4487 -0.938300
3360 7154 -0.836000
3361 8079 -0.447500
3365 2849 0.879300
3367 8643 -1.462400
3371 2266 -1.568000
3373 3013 -0.118800
3376 6748 -1.620300
3376 8291 0.504800
3377 7208 -0.682900
3377 9332 0.966100
3379 7623 0.368600
3384 4877 -1.362500
3384 7281 1.846800
3386 6070 0.507700
3387 3934 -0.050900
3390 505 -0.694800
3390 1457 -0.974700
3391 6399 -0.370100
3393 4606 1.235800
3393 8021 1.712800
3394 7508 -0.728600
3408 9854 -0.337900
3412 3859 -0.398100
3413 7212 1.405900
3414 7469 0.417300
3417 1861 0.401200
3417 8465 0.235800
3420 3215 -1.260300
3422 8938 -0.967100
3425 4175 0.540700
3425 7233 -1.168600
3429 5944 1.768900
3431 543 -1.603500
3433 9819 -0.261200
3434 2685 -1.045900
3437 9782 1.220500
3438 1330 -0.482000
3439 8132 1.695800
3441 6426 1.233700
3441 9387 -1.207800
3446 2219 -0.660100
3448 6047 0.381600
3450 4253 -0.215500
3451 7602 1.186700
3453 1464 0.541100
3455 8931 0.535400
3456 9662 1.635000
3457 2280 0.063100
3457 6562 -0.643500
3466 3178 0.344800
3469 471 1.446100
3469 2168 -0.745200
3469 6910 -1.117900
3472 9625 -1.812200
3474 5205 -0.257800
3475 2419 -0.724100
3477 6222 -0.752400
3477 8692 2.302800
3478 1507 -0.624800
3481 6095 1.711400
3482 1874 -1.641700
3483 382 -1.671300
3483 9602 0.629600
3486 651 -0.649000
3487 179 -0.015300
3490 3252 -0.459300
3490 9256 -0.620800
3493 1306 0.458600
3498 7702 -0.940000
3499 5653 -1.226800
3500 739 -0.486800
3500 8891 -0.007400
3501 6609 0.042100
3503 8767 0.161300
3504 6545 0.895400
3505 171 0.778000
3507 3475 -0.528000
3508 7547 -0.946300
3510 7436 -0.956500
3511 7996 -0.733000
3513 9932 0.862200
3517 1809 0.403200
3517 3360 -0.332000
3520 4130 -1.230200
3522 4291 0.883200
3523 2644 0.182200
3524 7100 0.351600
3525 1569 0.603200
3525 2872 -1.104000
3530 4743 1.425300
3531 1089 0.965000
3531 1641 0.980700
3532 62 -1.534900
3534 2618 -0.618200
3534 3185 -0.359500
3538 2895 -0.422900
3539 3300 0.523500
3539 7549 -1.072200
3543 9761 0.480400
3544 6811 -1.357500
3546 1035 -0.614400
3546 2081 1.484600
3548 5576 -0.051000
3549 944 -0.157200
3549 5754 -0.919700
3553 3495 0.147700
3554 2912 0.434000
3554 8929 -0.522800
3558 202 0.547700
3558 3683 -0.321700
3558 5535 1.478700
3567 6551 -0.103900
3568 749 2.181700
3568 6632 -0.730300
3569 7137 0.072100
3572 7248 -0.492100
3582 3550 0.237800
3582 8602 -0.173400
3585 1031 0.397300
3590 25 0.611700
3594 5391 1.938100
3596 1666 0.570300
3597 7163 -1.369500
3600 7560 -0.201600
3602 2628 -0.054300
3603 1515 0.056400
3607 390 0.640500
3607 9912 2.381500
3608 1095 -0.860400
3610 6540 -1.509000
3610 7276 -0.515900
3611 3834 -0.858700
3612 1309 0.045800
3612 8910 0.553100
3613 4070 0.546200
3616 8112 1.537300
3617 4025 -0.747500
3619 1497 -0.061800
3621 6191 -0.722600
3623 4428 0.966600
3624 4033 0.493200
3625 6545 0.378900
3628 7340 1.430900
3629 1384 -1.110500
3630 869 -0.824300
3635 1182 1.841300
3635 2643 1.082200
3642 7734 0.650000
3656 3209 -2.120400
3657 7454 -0.680000
3661 6264 -0.510400
3667 8822 1.524900
3676 7744 0.328700
3677 5963 -0.673800
3681 3060 -1.171000
3681 7687 -0.859100
3682 8084 1.325500
3683 1218 0.411200
3683 9279 -0.052200
3691 6809 0.394900
3692 1382 0.766700
3692 7771 -0.158400
3693 6252 -0.711400
3694 3016 -0.206700
3695 1157 -0.921100
3696 9865 1.445100
3697 6937 -0.843500
3702 3869 2.135700
3703 4219 -1.644600
3703 9583 0.174600
3705 1171 0.697300
3705 7234 -0.837900
3707 4247 0.314800
3708 3760 -1.092200
3709 7719 0.286400
3710 8517 -0.566300
3712 9477 0.793400
3714 5576 -0.565800
3715 1253 -1.864200
3718 708 -0.879800
3722 7958 1.120200
3725 8115 0.690600
3726 5138 0.326700
3728 9898 0.755600
3729 2540 -1.109600
3730 4276 0.056000
3731 6421 -0.003900
3733 1578 -0.436800
3736 571 -0.871100
3738 4030 -0.562300
3739 9421 0.318700
3744 8951 -1.489600
3748 9655 0.905400
3749 7799 -1.092600
3750 2407 0.078200
3750 5998 0.069200
3751 1842 0.151800
3751 8228 0.232900
3751 9360 0.430500
3752 7489 -0.375900
3753 145 0.129100
3754 2264 -0.423000
3759 8525 -1.185100
3761 6541 -0.118400
3766 3824 1.253500
3766 4666 -0.247400
3767 2059 0.380700
3768 6488 -0.383400
3769 9750 0.112200
3772 8691 0.268100
3772 9565 -1.276200
3773 1344 -0.592100
3773 3951 -0.956400
3777 1826 0.719500
3782 8676 0.982400
3786 3018 -2.025800
3788 3867 -0.965300
3789 8572 -0.400000
3790 5952 0.495000
3791 964 -0.219000
3791 1842 0.258000
3791 7698 -1.055300
3793 1533 -0.142200
3794 7310 -0.506500
3795 1068 -1.329200
3801 5970 0.336500
3806 9588 1.083900
3807 8458 2.507900
3808 6093 -0.390200
3811 3714 0.315600
3813 8833 -0.290800
3814 5184 -0.296000
3814 9779 0.317700
3817 1689 -1.803900
3817 8897 -0.605900
3818 356 -1.442800
3820 1114 -0.431200
3820 3088 -0.287600
3823 2366 0.252300
3825 3547 0.412400
3826 1092 -1.866000
3826 4167 -0.655000
3827 3082 -1.024500
3829 9612 0.101800
3830 5016 0.335600
3835 7658 -0.478200
3836 2321 -1.353700
3837 1957 0.200500
3841 6641 -0.684700
3842 1476 1.422100
3842 4468 -2.592200
3843 4049 0.392600
3845 9828 0.781500
3847 6746 -0.236800
3847 8717 0.306000
3850 6182 0.311100
3852 366 -0.258500
3856 6510 0.120900
3860 5389 -0.405100
3860 9602 -0.187900
3861 4926 -0.233200
3865 5129 0.535900
3866 9369 -1.461200
3868 6082 0.539300
3872 5827 0.168400
3872 7091 -1.425100
3874 1104 -1.566000
3876 7447 -0.792200
3878 2160 -1.128700
3881 6309 0.298900
3884 9414 1.141200
3888 8342 -0.613500
3889 7363 1.328800
3891 706 -0.852700
3896 8781 0.377900
3897 7372 -0.195200
3901 4162 -0.696200
3905 1013 -0.918600
3906 2320 -1.062200
3907 530 -0.547300
3907 8800 0.210800
3908 4338 1.414700
3913 1486 0.628400
3913 4465 0.815000
3917 1873 -1.158200
3918 180 -2.179900
3919 9835 0.578900
3926 6226 -0.089100
3930 9537 -0.619300
3931 4257 -0.360500
3932 7969 2.238300
3934 6753 -0.096600
3935 8156 1.535600
3935 8669 0.907700
3936 7068 1.129300
3937 4160 1.632500
3938 9346 -0.540800
3939 5042 -0.314400
3939 8138 -0.455300
3940 6409 0.085200
3940 6869 -0.370200
3944 1916 -0.124000
3944 4302 -0.780500
3944 5817 1.930200
3948 3809 -0.731000
3951 9251 -1.367400
3953 144 0.194500
3954 887 1.630500
3958 1618 0.402000
3958 4234 -0.637700
3964 450 -0.697500
3964 8916 -0.138000
3965 8964 0.959700
3967 6115 0.582200
3970 5384 -0.613200
3974 5002 -1.938200
3976 332 -0.627300
3980 2600 -0.030300
3981 4292 2.709200
3981 8111 -0.171200
3982 5298 1.113600
3989 3059 0.204500
3996 9727 -0.826500
3998 9980 0.513300
4002 3782 0.887700
4005 4918 -1.608500
4005 7250 1.081900
4006 9410 1.556700
4006 9548 0.712400
4007 3673 1.963800
4010 1879 -1.416100
4011 8385 -0.891500
4013 9280 0.130000
4014 4706 -0.658100
4018 2491 -0.272500
4019 9740 1.558100
4020 3215 0.992900
4021 9918 -0.067400
4022 8622 0.224000
4023 5029 -0.332700
4027 1315 -0.743200
4030 1305 -0.594700
4030 2126 0.164200
4034 7719 -0.417100
4037 3936 0.841000
4038 4834 0.698700
4043 8473 -1.345700
4044 3983 -0.817800
4048 2179 0.182900
4049 9674 -1.969300
4052 8072 0.040000
4053 4051 -1.235200
4053 6612 1.112900
4068 1665 0.037500
4070 9614 -1.192300
4072 3593 1.015300
4074 5228 -0.144600
4076 4040 -1.332600
4079 6260 -0.275800
4080 6924 -0.014900
4081 1349 -0.419200
4083 3056 0.065100
4085 9448 1.127000
4086 6507 -1.615700
4095 6087 0.146600
4095 8523 -1.434500
4098 1256 -1.494500
4098 5930 -0.137300
4100 2923 -0.384800
4102 7348 0.561800
4102 8348 0.536300
4107 8902 1.215900
4110 4046 -0.344600
4110 5804 -1.056700
4113 97 1.360100
4113 3128 1.020900
4114 4279 -2.409800
4115 5327 1.495800
4115 9031 -0.629800
4116 7311 -1.577400
4122 226 0.172300
4122 5048 -0.668600
4122 6881 -0.082700
4124 2276 -0.551200
4128 9335 0.297800
4129 8961 -1.515800
4129 9342 -0.291100
4130 408 0.098100
4131 1109 0.178100
4140 2137 1.277900
4141 42 -0.499000
4148 8501 -0.027800
4149 1065 -0.027900
4150 8928 1.537600
4151 7093 -0.348900
4153 6279 -0.040200
4157 7418 -2.198700
4157 8415 0.152300
4158 5885 -1.057400
4158 6878 -1.155400
4161 802 1.322300
4161 8356 -0.358300
4162 6374 0.383000
4163 5966 -0.896400
4167 17 -0.357300
4169 7486 -0.033200
4172 224 -0.232700
4174 6306 -1.711400
4175 2559 -0.086700
4180 5926 0.607600
4181 2349 0.997900
4188 7412 -0.467200
4189 7895 -0.914100
4191 3269 0.627000
4192 8271 -1.778700
4193 2981 -0.339800
4193 9206 -0.623100
4195 3232 -1.129500
4197 3266 0.903000
4199 9199 0.536800
4203 9340 -0.242000
4207 5264 -0.418700
4207 5406 0.416900
4208 915 -0.556900
4208 5178 0.117300
4212 5455 0.042300
4212 8731 2.129100
4215 5940 -0.260600
4215 6757 -0.575000
4220 3006 0.059500
4221 2721 -0.349400
4224 5161 2.108400
4230 9698 0.336500
4233 758 -0.540500
4234 5536 -0.702100
4236 4996 -0.777000
4237 7593 -0.002300
4240 2232 -0.418100
4240 3606 -1.439200
4241 8904 2.184800
4245 6886 -0.553400
4248 2949 -0.530500
4249 1654 -0.575100
4250 7116 -0.173600
4256 1335 -0.073100
4259 3484 0.055400
4260 3255 -0.918600
4261 4035 -0.667100
4264 438 -1.103000
4266 315 -0.879700
4271 3457 0.129900
4271 5284 -0.158400
4272 3555 -1.522600
4272 3832 -0.309600
4273 815 -0.831700
4273 1309 0.655600
4275 1052 -0.422200
4275 2428 1.002600
4275 8650 -0.911100
4275 9357 0.411900
4281 9001 1.065700
4286 3765 -0.579100
4287 9904 1.139800
4288 6124 0.497500
4288 9860 -1.378900
4290 5456 -0.273500
4294 978 -0.872200
4294 4705 0.532600
4295 4410 -0.043600
4295 9372 0.004000
4296 4056 0.840900
4296 8951 0.757200
4297 9789 -0.037200
4301 1434 -0.133100
4304 6349 -0.063800
4308 1893 1.685300
4310 1701 0.833000
4311 3007 -1.511700
4314 8388 -0.675200
4316 7300 0.451800
4316 9999 -0.865700
4317 7555 2.549400
4317 9495 0.522300
4318 6539 -1.712000
4320 5066 -1.408900
4321 59 -0.026800
4331 9316 -0.575000
4332 2290 0.931400
4345 5979 0.113200
4346 2160 1.260500
4347 3416 -0.546700
4355 715 0.226000
4356 273 -0.942300
4358 5191 -1.115500
4358 9441 -0.279100
4358 9705 0.143600
4362 8896 -0.802700
4365 1068 -0.160900
4365 2379 0.783500
4370 3917 -0.637400
4373 908 0.438500
4374 167 -1.007400
4374 4496 -0.304000
4376 7075 0.068000
4379 8743 -0.231700
4381 2540 -1.121100
4384 507 0.023100
4386 1973 0.533200
4388 5304 -0.261700
4389 6276 0.071000
4390 153 0.550400
4391 8231 -2.211000
4392 1694 0.819100
4392 7136 -1.472500
4393 2813 -0.445600
4396 6934 -1.101000
4398 9843 1.365200
4403 5418 -0.308700
4404 2774 0.385800
4406 304 -1.419900
4411 2877 -1.418400
4414 394 -0.938800
4415 5473 0.173500
4417 5039 0.988200
4422 3343 -0.986900
4422 4901 -0.294900
4422 6854 1.272200
4423 5715 -0.553800
4426 4698 1.095800
4444 3578 -0.382400
4445 876 -1.467300
4445 3365 0.523600
4446 5513 0.100300
4452 8366 1.455800
4454 2866 -0.548300
4454 4307 0.130200
4454 4583 0.005700
4455 4282 0.677300
4458 169 0.329400
4459 7031 -1.057200
4460 3147 1.137000
4460 8896 1.046300
4466 2595 0.333000
4466 8042 -1.481800
4467 2123 1.596800
4471 16 0.695200
4472 2828 -1.641200
4475 621 -1.165100
4476 6266 0.780400
4477 4073 -1.666600
4477 9533 0.519500
4478 3365 0.612200
4481 4272 -1.099100
4482 829 -0.512900
4482 2903 1.193400
4483 8538 -1.422600
4485 3458 -1.708700
4487 4365 0.465700
4493 5282 -0.499600
4504 4536 0.847400
4505 1144 2.447100
4505 5224 2.648900
4510 6090 -0.780800
4511 1443 -0.571200
4511 3564 -0.046900
4515 5281 0.001100
4517 4803 0.205600
4519 6511 -2.823900
4521 529 0.047800
4523 3431 1.048800
4524 575 0.412600
4525 4464 -0.581300
4528 1886 2.435300
4528 9981 0.881700
4530 7756 0.467200
4531 3927 0.470500
4531 8966 -0.973500
4532 7839 1.449300
4535 1238 -1.364200
4537 1717 -0.691600
4538 2918 -1.181200
4539 1350 -1.531600
4545 9299 1.106400
4547 5166 -0.284700
4549 7553 0.299700
4550 1880 -0.080000
4557 8722 -0.225200
4559 4874 -0.285900
4559 6992 -0.241200
4561 3724 -1.497600
4569 7859 0.904000
4571 3545 0.506900
4572 5537 0.047400
4573 3677 0.511100
4574 8042 1.186700
4576 4060 -0.464600
4577 8373 0.694500
4580 1026 -0.137000
4581 8692 -0.448300
4586 1195 2.134200
4587 4797 1.331200
4587 6991 -0.136500
4589 5439 0.291400
4590 2925 -1.235300
4590 5369 -0.524600
4595 5323 -2.829500
4596 7811 1.528600
4602 9905 -0.019100
4603 5126 -1.806200
4604 3333 1.408000
4607 5484 1.368100
4608 1309 0.755500
4611 1317 -1.517500
4611 6498 -1.142500
4613 8041 -1.494100
4617 7654 0.406700
4621 1672 -0.359600
4621 9743 0.438200
4626 1862 1.155900
4626 3963 -0.382800
4626 7206 -0.316800
4628 2177 -0.103800
4638 5222 -0.959700
4640 4906 0.508200
4640 5558 -1.551800
4649 8039 -0.846800
4650 1215 0.002300
4652 1834 0.340800
4653 6942 -0.977400
4655 1443 -0.306200
4656 8760 -1.367700
4658 2884 -0.557800
4660 1029 -1.940300
4661 5799 -0.252400
4662 1233 0.121400
4662 2848 -0.079600
4663 9734 -0.481200
4664 5240 0.197800
4665 8026 0.210900
4667 247 -0.395700
4669 8682 -0.386300
4670 1270 -0.445900
4670 8583 0.155000
4672 602 0.937200
4672 3468 1.050400
4677 1801 0.282200
4677 7087 -1.979500
4678 2888 0.159400
4678 7987 0.236500
4681 4798 0.935400
4686 1971 -0.194400
4690 1456 -0.286000
4695 1960 -1.144200
4698 3016 -1.742500
4698 9137 0.434000
4699 2285 2.014700
4699 3207 -0.421300
4700 3235 1.290200
4700 9387 -0.191400
4702 8629 0.437900
4707 215 -0.641500
4708 286 1.302700
4708 2741 0.825800
4708 6113 -0.154700
4711 8286 -2.409800
4711 8580 1.420000
4712 1694 0.351300
4719 1012 -0.101100
4723 6007 -0.625900
4729 6473 0.065500
4730 662 -1.970200
4731 4585 -0.124900
4731 9887 -0.422000
4736 298 -0.549600
4737 1632 0.589600
4742 6890 0.136000
4743 3018 -0.890500
4745 2914 -0.893000
4745 4146 0.454600
4747 6077 1.278600
4748 5179 -1.429200
4752 6540 -1.184700
4756 5925 0.975100
4758 789 2.131200
4760 9779 2.052000
4762 5504 -1.040400
4766 1515 -0.458800
4768 9456 -1.221800
4769 2307 0.326000
4769 3584 -0.300600
4771 4052 -0.173200
4772 1805 -1.508100
4774 8015 -1.388100
4775 7163 -0.480100
4777 6264 0.500400
4778 8976 0.967600
4780 762 1.825500
4780 4958 1.151500
4780 8128 -0.080600
4782 597 0.205900
4782 3809 -0.969100
4784 7994 -1.368800
4785 4966 -0.919200
4787 6314 0.574800
4790 8521 -0.275600
4793 1538 -1.162300
4794 576 0.288700
4794 8925 -0.238100
4795 8762 -0.947900
4795 9566 0.431600
4797 8979 1.531900
4799 7479 0.140800
4801 4090 -1.146800
4802 9346 0.575600
4809 41 -0.320100
4814 9480 -0.048700
4817 866 1.641900
4817 4404 0.231900
4818 1626 -0.002800
4821 3389 0.279300
4823 3947 0.545000
4824 4061 -0.698800
4826 1127 0.313700
4826 6437 -1.182400
4832 1855 0.551600
4832 4346 0.201700
4834 854 0.597600
4835 5118 0.443100
4836 8238 -0.725900
4841 315 -0.113900
4841 3277 0.404400
4846 958 -0.253500
4846 7742 -0.207600
4851 3064 -1.097400
4851 4335 -0.359700
4853 7630 -0.319100
4854 3979 0.474500
4864 9841 1.115600
4866 1601 0.106500
4868 5902 -1.876800
4873 5766 -2.011200
4878 1763 0.562300
4879 2491 -0.027200
4879 5640 -1.948300
4880 3166 -0.327000
4886 130 1.613300
4886 9116 1.149700
4888 5495 1.015800
4888 7179 0.165000
4893 5749 1.072500
4895 6133 0.678700
4895 7323 0.538100
4896 7154 -1.985400
4900 3113 0.714200
4900 8394 0.521600
4905 4312 0.797200
4908 4050 -0.334200
4908 4989 0.132500
4911 6163 1.202600
4915 5495 -1.173000
4918 2523 1.562100
4918 5617 0.263500
4919 7905 -1.161100
4920 9220 -0.585500
4924 733 0.121800
4924 8231 0.798200
4926 6007 -0.169400
4926 9928 0.749500
4927 2305 0.641900
4927 7870 0.838600
4931 6013 0.125900
4931 7946 -0.774800
4934 3265 -0.028000
4934 5176 -0.602700
4935 4642 -0.890800
4935 4708 0.128000
4938 506 0.206200
4940 5317 -0.429900
4944 8921 1.103700
4946 1306 -0.682900
4954 4683 -0.304600
4955 7071 0.449700
4957 6621 1.810300
4958 3045 0.132900
4961 6316 0.789600
4961 6879 0.346600
4963 1767 1.389600
4964 4392 -0.897300
4966 9064 -1.083000
4973 2959 -0.684500
4974 2197 -0.604200
4975 1197 -0.369900
4976 7128 -0.950800
4979 9399 -1.497700
4980 4220 0.679100
4981 2428 -1.109600
4981 9829 0.428600
4982 3702 0.608200
4982 4974 0.632000
4983 4219 0.492800
4984 7538 -0.715400
4985 6732 0.409700
4986 7058 0.600400
4986 8480 -0.166400
4987 5277 0.838800
4987 6714 -0.155700
4988 721 -1.272400
4991 2444 0.701800
4993 1758 -1.013500
4996 7990 0.466300
5001 5504 0.063500
5002 2922 0.292700
5002 8754 1.431700
5002 9153 -2.664800
5007 402 0.991900
5007 6963 -0.622300
5009 1063 0.461200
5009 2730 -1.095300
5012 1528 -1.229900
5012 6424 -0.362500
5013 6836 -1.127700
5015 2768 -1.871500
5016 1845 1.262300
5021 3453 -1.694600
5022 7731 -1.481600
5023 3781 -0.367500
5024 2924 -0.109500
5034 99 -0.259400
5038 4877 0.580800
5041 8059 -1.980500
5047 571 1.025900
5050 4174 0.013500
5050 6944 -1.347100
5051 616 -0.908400
5051 3569 0.367800
5051 4423 -0.271700
5052 4997 0.463200
5053 3922 0.884500
5057 5680 0.660200
5057 7331 1.613000
5057 9233 1.439800
5064 896 -0.790600
5065 449 -0.814000
5066 684 -0.340300
5067 389 0.191500
5068 618 0.020300
5068 4280 -0.858000
5069 2566 -1.809800
5070 7950 -0.511900
5070 8578 -1.989200
5071 7733 -0.051000
5072 6659 0.049300
5073 8502 -0.276100
5079 9568 -2.113600
5080 4208 0.047200
5080 6147 -0.263000
5081 8663 0.828400
5089 8437 0.844400
5097 2859 -0.517100
5097 2942 -0.024900
5098 9311 0.696000
5103 8872 0.410800
5104 8560 -0.856200
5105 5197 0.839200
5113 4329 2.338600
5116 8687 -2.612500
5120 228 -0.427300
5120 602 0.710800
5120 9314 2.392100
5122 6666 2.299100
5124 2317 -0.108500
5126 6695 -1.184000
5127 2691 -1.297400
5128 3908 0.971600
5128 4866 -1.020100
5130 1181 -1.055700
5130 7763 0.136300
5133 795 1.227400
5134 1591 1.733700
5134 4551 -0.022800
5134 8619 -2.834300
5136 4824 -0.330100
5137 6089 0.123700
5137 9462 -0.042500
5141 8771 2.466200
5145 4158 0.345700
5145 7889 0.166200
5148 570 1.362400
5148 9242 1.201900
5149 9459 -0.678100
5152 2251 0.106700
5152 6018 0.935300
5153 3175 -0.146700
5163 7765 2.307200
5166 1923 -0.457700
5168 1552 1.064100
5168 5506 0.375100
5168 8577 -0.306800
5171 6050 -1.076700
5175 3132 -1.117300
5175 8543 -0.933100
5181 2913 1.378000
5182 4496 1.059600
5183 1206 1.731700
5185 6816 -0.952600
5185 7189 -0.278700
5185 8799 -0.158800
5188 6602 -0.158000
5201 4283 -0.089400
5202 442 0.483000
5202 4617 0.208900
5205 9813 -0.238500
5215 4790 0.211100
5218 9545 -1.273800
5220 158 0.072000
5220 1420 0.586300
5220 7620 0.222400
5220 8420 1.306800
5223 6977 -0.252100
5228 1817 -1.130900
5230 7781 -0.398100
5231 2573 -0.213900
5234 1739 2.029200
5235 6304 -0.567100
5235 9820 0.113400
5242 3969 0.075600
5244 7363 0.964800
5247 8428 0.574000
5248 2807 -1.213600
5253 1643 -2.031500
5255 2514 1.320000
5257 368 0.249000
5257 7348 -0.510500
5266 5275 -0.753200
5268 2384 0.873400
5268 8740 -0.923700
5270 880 -1.117500
5272 3650 0.796800
5272 9125 -0.594400
5274 5031 -0.195500
5281 5487 -0.948800
5288 2978 2.166000
5289 3220 0.405200
5289 3676 1.673000
5290 4180 0.796200
5294 5338 -0.143000
5294 7577 1.649100
5295 3951 0.931400
5299 703 -0.412500
5302 8084 -1.673100
5303 1334 -0.381400
5304 6746 -0.244700
5307 1799 0.922100
5311 7927 -0.511000
5319 2844 -0.143600
5319 7456 -1.038300
5319 7867 -1.039100
5320 1201 0.914300
5320 9504 -1.214600
5321 3203 1.098900
5322 5484 0.164100
5324 1027 1.328600
5325 3018 -0.101600
5325 3277 0.952000
5325 3427 0.106000
5328 4297 -1.230700
5329 2404 -0.784600
5330 7808 -0.123900
5336 1567 1.202100
5339 871 -0.303300
5345 9236 0.754900
5351 8418 0.961100
5354 8113 2.652500
5355 3326 0.161500
5356 958 -1.324600
5356 9301 -0.344600
5357 6736 -0.042100
5360 5308 0.061800
5362 9794 1.117900
5363 3250 -1.550600
5363 7650 -0.649300
5364 6536 1.150300
5365 8069 0.346400
5367 7259 -0.657500
5370 4696 -0.834400
5371 2835 -0.705800
5373 9202 -0.121700
5376 1305 -0.996800
5376 6056 -0.380200
5382 4288 0.288000
5382 6472 -0.198000
5384 3333 -1.244700
5389 1537 0.450100
5391 8487 0.567100
5395 6885 0.470300
5398 2193 -0.514400
5400 7432 -0.376700
5401 8234 -0.810200
5404 2700 0.536600
5406 936 0.523400
5408 3068 0.427700
5413 7845 0.272900
5420 3882 1.577700
5420 5322 -0.798300
5422 4116 -0.100300
5426 333 -0.303300
5432 5906 0.851700
5433 443 0.378700
5433 1870 -0.715400
5434 400 -0.928800
5434 2613 -0.496600
5439 7181 -1.249900
5440 1936 0.353700
5441 2479 0.078000
5441 4943 -0.586700
5441 8947 -1.839000
5442 3900 1.994900
5446 107 0.505200
5447 2601 0.350000
5450 5596 0.904700
5457 5274 0.711300
5458 3350 0.338200
5468 722 0.196500
5468 5383 -1.401200
5470 5107 -1.434800
5474 7753 0.653400
5475 9704 0.285000
5478 4276 1.078900
5478 6986 0.094100
5478 7198 0.504200
5481 4700 0.846800
5484 5247 -0.002600
5484 6878 0.808700
5485 6800 0.480900
5489 5828 0.209100
5496 6871 -0.009200
5497 4282 0.783400
5498 5023 -1.241700
5500 1437 -0.577900
5500 9976 -0.469000
5502 4736 -1.167700
5503 4018 0.959700
5505 22 1.043900
5507 7193 -1.532600
5509 581 1.886200
5509 881 -0.349000
5510 1141 -0.340000
5513 2167 -1.141200
5515 4034 -0.216400
5517 1022 -0.742800
5518 3519 0.058700
5519 6275 -0.837200
5521 2617 0.243400
5521 7042 0.071000
5521 7430 -0.190300
5523 4014 -0.269500
5524 92 -1.252300
5526 6422 -0.250800
5528 6543 0.052000
5530 6904 0.600900
5531 4467 1.907300
5533 8301 2.100800
5533 8485 -0.575600
5535 5521 0.791800
5537 3744 -0.274700
5541 697 0.382100
5546 1533 0.208800
5555 2608 0.820900
5556 1728 -1.563400
5560 444 0.118500
5561 8409 0.988300
5566 3317 0.659900
5568 1643 -1.571000
5569 9729 0.248300
5570 7266 -0.579700
5578 87 0.061900
5578 1023 -0.548200
5579 4546 0.267800
5581 2460 1.183800
5583 9611 -0.241400
5585 4129 1.695500
5587 6429 -1.855200
5588 3685 -0.376800
5588 8902 -0.378900
5591 6320 0.574900
5591 9126 0.720200
5597 2224 -0.646800
5605 7528 -1.781600
5607 9551 0.307500
5613 9343 -0.091700
5617 3926 -0.513000
5628 7717 -1.704100
5630 5489 1.775000
5631 320 -1.669600
5633 9719 -0.857900
5634 7443 0.600200
5636 5 -0.360800
5640 1560 -0.223700
5640 2352 -0.910200
5644 8990 0.422600
5646 2938 -1.125400
5647 1311 0.125600
5650 2590 0.356600
5651 6131 -2.231800
5651 7966 0.603000
5655 2049 0.884500
5658 817 1.088400
5661 1731 0.352600
5662 3297 -0.002200
5668 5164 1.172600
5669 2736 0.558800
5670 1623 -0.024500
5671 7107 -0.370800
5672 6700 -0.477400
5674 862 -1.486400
5674 3023 -0.157300
5678 2894 1.235800
5678 3236 -1.351900
5680 3504 0.486100
5680 6978 1.585400
5686 1130 0.263300
5686 7538 -0.410900
5688 4111 0.521600
5692 962 -1.614500
5696 9590 -0.296100
5698 6810 -0.144400
5699 734 -0.607500
5703 337 0.418000
5704 2742 2.760800
5704 6971 -0.614600
5705 1508 0.518600
5708 8830 -0.527800
5709 6343 1.404800
5710 8524 1.460500
5711 9513 -2.285600
5712 4500 -0.684800
5717 4085 0.606400
5720 1856 -0.244600
5722 4366 -0.305700
5725 7408 0.362000
5728 4732 0.300100
5729 7541 -0.676700
5733 859 -0.872800
5733 4689 -0.513000
5734 7450 0.617300
5735 316 0.093600
5736 3613 1.163800
5736 4009 1.172200
5737 5282 -1.202600
5737 9363 -0.920800
5738 6450 0.044900
5743 794 -0.793900
5745 5637 0.908200
5745 8506 -0.117800
5746 3909 0.477800
5752 7765 -1.005600
5753 5354 0.146700
5754 8808 -1.083600
5762 101 -1.841800
5763 5138 -0.696400
5766 3340 -0.077300
5768 6609 -0.958500
5771 4263 0.094900
5774 2510 -1.041200
5776 9838 -1.214600
5777 6331 0.506700
5780 184 1.193700
5781 3327 -0.300600
5783 5823 0.122200
5785 4183 0.275900
5786 5299 0.026000
5786 8270 2.244300
5788 8135 1.383900
5790 5746 -0.524600
5790 7542 0.080400
5792 9408 0.125300
5796 2090 -0.897300
5796 3121 0.473000
5797 2026 0.942000
5798 7163 -0.369600
5801 6183 0.669800
5802 6385 1.104300
5805 9213 -0.880000
5807 9816 -2.125900
5819 3705 -2.025700
5819 4540 -1.631100
5821 9348 -0.094600
5822 6037 -3.313800
5822 7111 -1.202600
5823 6320 1.578800
5824 5185 0.472500
5824 6452 -0.151900
5827 9761 0.998100
5829 8308 -2.468800
5831 2805 -0.350200
5833 246 0.778000
5833 4167 -1.405900
5838 2253 0.720500
5840 7491 0.982600
5841 5333 0.356900
5846 1384 0.172900
5848 4961 1.664500
5856 1533 0.161400
5858 2453 -1.085900
5858 6854 -0.362100
5859 9031 -1.654200
5861 7032 1.593100
5861 9362 -0.925300
5862 4031 -0.565100
5866 2362 -2.171400
5867 791 -0.850200
5872 1199 0.491400
5876 8362 1.544600
5879 22 1.490400
5880 4960 -2.105100
5881 7184 0.181600
5882 5328 -1.022500
5889 2316 1.051100
5889 9338 -0.223300
5891 1644 1.271100
5899 9765 2.164100
5901 376 0.252500
5901 3335 0.120500
5908 1379 1.674800
5910 2239 -0.853100
5910 4919 0.588600
5911 1888 -0.974200
5911 3279 0.684700
5912 8473 0.190900
5912 8765 -1.564900
5913 672 -0.378000
5915 4610 -0.097300
5920 1058 -0.706800
5921 1244 1.591000
5923 4629 1.513700
5923 6585 0.547900
5924 1469 -0.278500
5929 1737 -1.201300
5932 8550 0.755400
5933 5843 0.343300
5935 3308 1.016200
5936 784 -2.577500
5937 6362 -0.043500
5941 2501 0.501400
5943 1537 -0.481200
5943 4761 1.543200
5945 8778 -0.799900
5948 1600 -0.863300
5950 9461 -0.635300
5951 9171 -1.329800
5954 4917 -1.676600
5956 397 0.103400
5960 3088 -1.813900
5960 5952 -0.200000
5961 493 0.516200
5962 2346 1.199900
5964 7089 0.018000
5967 3618 -0.925800
5969 3398 1.336700
5969 8996 -1.363800
5972 174 0.821600
5977 8934 1.891700
5978 711 0.834000
5978 1027 -0.659200
5978 5687 -0.746000
5978 9206 0.716000
5980 8873 -0.337200
5981 4037 -1.223600
5981 9608 -0.954400
5983 8285 -0.611600
5984 7376 0.445400
5986 7717 0.771100
5992 6951 -0.989300
5994 96 0.131900
5994 5404 -0.334800
5994 8046 1.012500
5996 9020 -1.161800
5998 1104 0.866600
6002 4720 -0.652400
6003 1676 0.167100
6003 1974 1.842200
6005 1435 0.091800
6007 1069 0.859800
6010 7597 0.625500
6013 6336 -0.007600
6017 7048 -0.103000
6017 8251 -1.407000
6017 9443 -0.981900
6020 8624 0.226800
6022 6702 1.548800
6023 6868 1.729400
6023 7461 0.205100
6024 4366 1.284000
6025 4728 0.886100
6026 1925 0.106000
6026 2139 -0.586500
6029 5981 -0.831600
6032 31 0.217600
6032 2987 -0.490600
6033 4830 1.069300
6035 5749 -0.995800
6036 2524 -1.364700
6036 6818 2.106400
6038 3303 -0.540900
6043 308 1.277900
6043 639 0.168200
6043 1501 1.133000
6044 5183 0.388800
6044 8950 0.179300
6046 7433 1.438900
6049 5467 -1.482700
6050 8939 0.281400
6050 9611 0.209800
6051 8837 -1.434400
6052 7375 0.794300
6052 7588 -0.518400
6053 2709 -0.310700
6054 4226 -1.401100
6056 5658 -0.122000
6056 6024 -0.232800
6057 9273 -0.082900
6059 5814 -0.190100
6060 9500 0.413100
6063 1061 0.067200
6068 4977 -0.169800
6071 6631 2.715200
6072 6570 1.308800
6072 8639 -1.271500
6073 9547 0.243100
6075 5169 2.932000
6077 6513 -0.949800
6078 2974 0.917000
6080 2193 -0.719200
6082 1109 0.697900
6083 3981 1.564200
6083 4429 0.059400
6084 7010 -0.833600
6085 4957 0.094400
6086 7449 1.836600
6087 3264 -0.778800
6088 4881 -0.570900
6089 7921 -0.068700
6094 7643 -0.127800
6097 7786 -1.271800
6098 3863 -0.824900
6099 8764 0.226200
6101 826 0.280000
6102 9444 -0.120000
6103 603 0.010900
6103 7550 -0.854700
6110 9964 0.297800
6116 187 -0.141100
6118 615 -1.202500
6122 1522 -1.004900
6122 8993 1.248200
6126 2120 -0.110300
6127 9495 -0.735200
6129 787 0.925100
6131 3171 0.021500
6132 6428 -1.442900
6133 9385 -0.829600
6136 1145 1.007900
6136 1877 0.888500
6136 8855 -0.731300
6140 8609 -0.508100
6142 6596 0.081500
6144 3087 0.692200
6145 7063 -1.374500
6148 1540 -0.333400
6149 5763 0.075400
6149 9397 1.180000
6152 9221 -1.532300
6153 701 0.024100
6160 334 -0.970000
6162 4113 1.348500
6163 8690 -0.049300
6164 6495 -0.331400
6167 5945 -0.495000
6172 4573 -2.101400
6174 3307 0.561500
6177 3896 0.063400
6177 9369 0.061600
6177 9427 -0.969500
6179 7506 -1.036500
6183 2520 0.332300
6183 5571 1.292100
6189 4493 0.860400
6190 7703 -0.670500
6194 3134 0.307600
6197 1654 0.620600
6198 1289 -0.143000
6201 2700 -2.461300
6201 7823 0.078200
6202 1855 -0.174600
6202 9727 0.239800
6214 8469 1.113900
6214 8748 -2.562000
6222 5480 -1.433600
6226 5740 -0.081900
6228 5022 1.966600
6228 7790 -0.160100
6230 7535 -0.682200
6230 9208 0.248200
6232 4339 1.871800
6241 2572 1.546100
6241 8701 0.155000
6244 8946 -0.302900
6246 1363 -0.459900
6247 9682 -1.013600
6248 6513 -0.165700
6252 4626 0.296500
6253 8499 -1.349700
6255 8308 -0.119900
6256 9884 1.495300
6257 3106 -2.245000
6258 4381 0.935700
6260 8370 -0.015800
6263 3328 0.040400
6267 4870 -0.234400
6271 2164 0.957500
6273 5341 2.705600
6276 5964 -0.029800
6278 273 -0.649200
6283 5942 0.457200
6285 6851 -1.089600
6286 3273 -1.039600
6286 3739 -0.586800
6286 7890 -1.157100
6290 5602 1.354300
6292 917 1.152100
6294 8295 -1.625000
6295 9149 0.593600
6296 4935 0.026700
6300 4834 -0.722600
6302 3915 0.164900
6303 2769 1.470400
6303 8587 1.067900
6304 8809 0.014000
6307 2855 -0.704800
6314 3849 -1.557500
6315 8605 -0.517000
6316 7576 -0.694100
6317 1606 1.390700
6318 2657 -0.525800
6319 5736 0.844100
6321 9748 -0.051400
6322 7729 -1.039300
6325 289 0.026700
6325 6033 -0.723000
6329 471 0.549500
6331 5120 -0.040700
6334 4157 0.219400
6338 9328 1.142600
6341 3197 1.476900
6345 7056 -0.213100
6346 302 -0.737700
6349 7370 -1.901000
6352 8331 -2.111300
6358 3933 -0.624700
6358 4215 -0.758700
6361 2048 -2.166500
6362 7931 0.545000
6366 6140 0.148800
6370 1912 -1.340100
6376 9375 0.924600
6378 2867 0.141300
6380 4095 -1.628200
6383 4713 -0.120400
6388 4306 0.034200
6389 9040 -0.588000
6399 2077 -0.501200
6399 9836 0.304400
6403 7239 0.696600
6405 4521 0.050900
6408 3195 0.243400
6408 4243 -0.026300
6408 9251 -0.823100
6411 4079 -0.072200
6411 9144 0.388000
6412 7987 0.473300
6413 506 0.812800
6413 3621 -0.368500
6413 6239 0.679700
6415 407 0.670700
6416 443 -0.149300
6416 8544 0.780300
6417 1316 0.306200
6417 9107 0.511400
6420 604 0.486200
6420 2756 -0.087700
6421 3490 0.381600
6422 1793 -0.326600
6427 1251 0.322700
6427 3974 0.982800
6428 6060 -0.336300
6429 7256 0.620500
6431 4713 -0.636900
6431 8939 -0.546400
6434 4767 -1.485800
6435 2839 0.361100
6435 3103 -0.974100
6438 679 -1.692300
6440 958 -0.166500
6441 2762 -1.003000
6441 4797 -0.223200
6443 986 0.545200
6446 1070 0.477200
6449 6843 1.074000
6449 7078 1.463200
6452 8437 1.099700
6452 8469 0.221900
6453 7080 0.609000
6454 8047 -0.047000
6455 6854 1.175400
6457 3262 -1.458500
6457 9247 -0.391800
6458 2615 -0.811300
6460 2715 0.936900
6463 9448 1.219700
6465 9399 0.297200
6472 2279 -0.643000
6473 65 1.742500
6476 830 0.442100
6476 5162 1.310500
6479 8105 -1.318400
6480 1421 1.923300
6480 3851 1.138100
6483 2045 -0.547000
6486 9597 0.952000
6487 2760 -0.036400
6490 9793 -1.299100
6491 8667 -0.796100
6493 7729 -0.334500
6498 2137 0.583000
6499 6967 0.172800
6499 9653 1.175000
6500 2304 0.644000
6501 6717 0.908300
6502 9061 1.134200
6504 357 1.496500
6505 3108 -0.506400
6507 5676 -0.076800
6508 2497 0.831400
6508 7430 1.649300
6511 3318 -1.104400
6511 9001 -2.455400
6515 3098 -0.813900
6515 6875 -0.849400
6516 6027 -0.762600
6518 2693 0.377100
6519 8577 -0.526100
6521 7465 -1.811500
6525 3309 1.029500
6526 8350 -0.910800
6530 9206 0.528500
6534 3467 0.871200
6534 9944 -0.698200
6536 9559 0.204400
6538 667 -0.523000
6538 3606 -1.397000
6538 8608 -0.017500
6539 1278 1.163400
6543 4540 0.014400
6546 3459 -1.628600
6550 5957 0.231600
6550 8280 0.258300
6556 1887 -0.440100
6557 3823 1.231400
6560 3882 -0.618500
6561 7328 -1.319900
6564 5802 0.517100
6565 1771 -0.927700
6566 2908 -1.055700
6567 5520 -1.661300
6568 6045 0.439000
6569 1119 0.570700
6570 9089 1.461900
6571 4777 -0.059500
6576 7534 -2.833100
6580 428 -0.945300
6583 7812 1.000500
6587 198 0.369800
6588 3576 1.489000
6588 9575 -0.262300
6591 6918 -0.394000
6593 5488 -0.412700
6595 1722 -0.071800
6595 4001 0.409600
6596 3848 -0.944600
6599 4455 -1.543200
6605 1022 -0.675200
6606 5887 0.502700
6607 6198 0.487400
6607 9542 0.962800
6608 806 -0.825400
6609 1860 0.029600
6610 9011 -0.434900
6613 5679 -1.436100
6615 1092 0.028100
6618 4140 -0.612200
6621 2830 -0.554300
6622 437 0.205100
6622 810 -0.404100
6624 3671 -1.477400
6629 3063 -1.051300
6630 9576 -0.608500
6632 7226 -0.141400
6634 3495 -2.139800
6637 4951 0.710200
6639 6235 1.484900
6646 9663 -0.768600
6647 5937 -1.250900
6650 3702 -0.873000
6650 7840 -0.398300
6651 530 -0.659100
6651 5950 -0.416400
6653 2700 0.507700
6654 2290 -2.044700
6654 4558 -0.509600
6657 6432 0.513100
6662 6928 -1.580400
6664 6477 2.356200
6666 7058 -0.318000
6667 3261 -1.088300
6668 563 -0.962600
6669 6691 -3.031300
6669 9002 -0.002700
6674 2975 -0.011700
6678 3400 -1.696100
6678 3545 0.781800
6680 9525 -0.926400
6685 8362 0.549900
6690 5123 0.826800
6692 4314 -0.016100
6693 2028 0.000300
6695 1641 -0.073800
6695 8859 -1.861600
6696 5572 0.809800
6699 1832 -0.120400
6701 338 0.631900
6703 6812 0.195000
6712 103 1.998200
6712 7680 0.814200
6713 2863 -0.046500
6714 4880 -1.170800
6718 232 1.590800
6719 5617 -1.265500
6722 2551 0.461500
6723 4254 -0.377400
6724 6218 -0.290600
6728 3257 0.263900
6729 2776 0.385300
6729 4603 -1.366700
6730 5688 0.277000
6731 7170 -1.972500
6733 7814 0.122100
6734 3130 -1.825500
6734 3873 -1.204400
6735 1365 0.363600
6736 7446 -0.132500
6737 6534 0.283100
6738 9970 -1.126700
6741 5356 2.421300
6743 9901 0.621800
6744 370 -1.191300
6745 9738 -0.570200
6755 582 -1.387400
6755 8844 1.469000
6759 4829 -0.503100
6761 5122 -1.371500
6761 8693 0.766700
6764 6149 -0.422400
6765 1486 -0.652800
6766 8163 -0.804100
6769 6090 1.774200
6771 9870 -0.059600
6777 3533 0.208000
6781 5432 -0.056800
6782 9181 -0.312000
6786 7100 1.094200
6787 1618 -0.518100
6787 7178 -0.366300
6787 9541 -0.525200
6788 4382 -1.302700
6788 5657 -0.015300
6788 8719 -0.374300
6791 872 -0.923300
6793 6678 -1.433600
6793 9019 0.277700
6798 6067 0.821900
6802 1743 0.017500
6802 1828 0.916500
6803 2515 0.462100
6804 5514 0.603700
6807 7048 1.128600
6811 7140 -1.460900
6813 2083 -1.302400
6816 3041 1.143100
6816 3227 -0.248300
6823 724 -0.089100
6826 6131 2.361400
6827 743 2.638900
6828 1749 0.044000
6828 4732 -0.439300
6829 9700 0.359100
6830 4240 -0.518200
6833 8205 0.913400
6836 1903 -0.220200
6836 3309 -0.278400
6836 5072 0.655800
6837 1999 -0.930400
6839 3393 0.205700
6841 3851 0.171900
6842 8174 -0.617400
6843 5141 -1.239000
6843 6249 -0.817600
6847 3042 -1.018700
6848 5327 -0.722300
6852 3468 -0.778900
6855 3491 0.312500
6856 1119 0.198300
6859 6154 0.304100
6861 6202 -1.528900
6861 9419 -1.571400
6862 7895 0.483600
6866 2470 -0.126300
6870 6407 -0.201500
6871 9394 -0.405000
6872 6182 0.018100
6872 8085 0.118600
6873 4480 -0.620400
6876 2230 0.399200
6876 4753 -0.754400
6879 8330 -1.316200
6879 9805 0.103500
6881 8832 0.012200
6882 5871 1.090000
6886 100 -1.020500
6886 3125 0.973100
6888 2271 -0.900300
6888 6224 1.214700
6890 7399 0.898100
6894 421 0.792500
6895 3231 -0.767500
6895 4797 -0.811400
6905 182 -2.069200
6906 9024 0.811900
6907 3069 -0.222000
6910 9371 0.069200
6915 1528 -1.394500
6915 4880 -0.327400
6916 4434 0.741000
6917 1849 1.598300
6917 8068 -0.107900
6918 4934 0.621300
6919 3705 -1.655100
6920 6926 -0.287600
6920 9019 0.022500
6921 2319 -0.977700
6925 766 1.173500
6928 3226 -1.122600
6928 7381 -0.565200
6929 1911 -0.115900
6933 4096 -1.035400
6933 4910 0.425200
6934 3502 -0.260100
6936 3654 -0.250300
6938 6761 0.036200
6938 8059 1.161200
6940 9020 0.630800
6941 5234 0.026500
6944 4108 0.451700
6944 9752 0.652900
6946 6304 -2.655800
6949 989 -0.178200
6950 8812 0.517500
6953 1429 0.667200
6954 2465 -0.973100
6955 5643 0.763500
6956 485 0.268700
6960 4499 -0.455700
6968 1752 0.867900
6969 590 0.244700
6969 1800 0.584200
6972 6567 0.055100
6975 9631 0.805600
6978 3835 -1.477500
6978 7409 -1.393800
6982 2311 0.296000
6982 5463 -0.400500
6983 5267 0.655100
6983 8433 1.066500
6986 4581 -0.234500
6987 9668 -1.446100
6990 6812 -0.246900
6991 898 1.441800
6995 9564 0.574500
6998 404 -0.336600
6999 8927 0.292600
7000 8960 1.360400
7002 2155 -0.683300
7003 2913 -0.974200
7003 4682 0.274300
7006 4663 0.604100
7006 5967 -1.544700
7008 6978 0.220500
7015 8738 -0.527100
7020 272 -0.593500
7020 2740 -0.194600
7021 3360 -1.694600
7021 8122 -0.240800
7023 976 0.158200
7026 3678 0.417600
7026 4400 -0.745800
7027 3485 -1.742800
7029 5544 0.347000
7030 4592 -0.661200
7031 9651 -0.178100
7033 3604 -0.538300
7034 1732 0.541500
7036 3505 0.483700
7041 7388 -3.533100
7042 6615 -0.493700
7046 955 -1.179500
7047 1496 0.083600
7048 7098 -1.132500
7051 1277 1.578300
7053 9239 0.508600
7055 9124 0.274700
7058 3683 0.211100
7058 7250 0.128000
7060 7712 1.611200
7063 9713 -0.933800
7064 5584 -0.588800
7065 5103 2.524300
7066 7863 -1.806000
7068 3111 0.402400
7068 9103 0.580500
7069 6435 -0.463400
7069 6693 -0.610200
7070 224 0.685000
7071 5557 0.450800
7072 2620 0.669800
7074 8364 0.918500
7076 6745 -0.380200
7081 5630 1.036000
7082 4043 0.430200
7087 2673 -0.649100
7087 9974 -1.123400
7091 1471 -0.518900
7091 4973 -0.173500
7092 3018 1.817500
7094 4271 -0.213400
7094 5522 -0.776200
7096 7260 1.440300
7097 3422 1.411700
7097 5709 0.821500
7098 3425 -0.529600
7103 2727 -1.026900
7103 3260 -1.776800
7108 4545 -1.063000
7108 7761 -0.854200
7111 3232 -0.302600
7114 3324 -1.085100
7115 324 -0.189200
7119 2090 0.602400
7119 6901 -1.609700
7120 8574 0.593700
7122 2698 0.719300
7122 4079 -0.425400
7126 1793 1.114200
7127 963 0.367000
7128 4828 0.015200
7129 5209 -0.226800
7129 7868 0.397600
7130 189 1.654800
7130 434 -0.616600
7130 1923 0.040000
7133 2761 -0.542200
7137 2665 -0.578700
7137 9796 0.523500
7139 4382 -0.280700
7142 5352 -1.407200
7143 2898 0.320400
7144 3514 0.449900
7145 285 -0.976700
7153 3525 0.768000
7153 9734 1.155500
7156 3387 1.059200
7157 8053 -1.223100
7159 4848 2.038600
7160 5489 -0.125000
7161 9161 0.717000
7164 5112 1.442500
7164 5772 -0.266100
7165 1553 -0.431700
7165 4624 -0.830800
7167 5055 -0.819000
7167 5769 0.789200
7174 3844 0.656200
7176 1000 -1.530300
7176 6231 -0.070400
7183 122 -0.366100
7187 3835 0.780600
7191 1374 -0.189600
7193 5009 -0.634100
7194 1719 -0.148700
7196 7523 -0.398800
7197 967 0.933100
7197 1002 -0.308200
7198 6430 1.711500
7207 2274 -0.300000
7207 3100 -0.561800
7209 9200 -1.439300
7210 2214 -0.844400
7212 9669 0.430100
7213 9285 -0.204800
7213 9769 0.496000
7214 3556 -0.673100
7214 6858 0.277200
7215 984 -1.248500
7216 1895 -1.513300
7216 1931 0.074600
7218 5521 -0.066400
7220 3172 -0.520700
7220 4600 0.572500
7225 7893 1.076400
7225 8762 1.575500
7226 3493 0.873200
7226 9599 0.724600
7228 8496 -0.725500
7231 128 1.540200
7232 5478 1.683600
7234 9959 0.889700
7238 416 0.548200
7238 8098 1.110200
7240 9909 -1.904600
7242 1765 -2.221200
7242 6649 -0.154900
7242 9396 -0.823200
7246 2961 -2.877400
7246 6954 0.453700
7251 9989 -0.034900
7252 6666 0.004500
7256 1640 -0.550000
7259 5779 0.807100
7260 1367 -1.202000
7262 3336 0.170700
7262 5093 0.071600
7263 8290 -0.575200
7265 5390 -0.756700
7277 8513 0.686700
7280 2621 1.698300
7283 4769 -1.262300
7290 8975 1.587800
7292 1322 0.878500
7294 2346 0.012000
7294 7660 -1.091500
7295 8975 -0.144400
7298 8732 -1.005600
7311 4206 -1.110900
7311 4289 2.324500
7311 9160 1.561700
7314 1706 -0.659100
7318 7691 -0.500000
7320 1996 0.816200
7323 5384 1.076100
7323 5536 0.620500
7325 3125 0.491800
7326 2789 0.642000
7328 2431 -0.154600
7330 6370 0.599600
7333 946 0.668600
7334 9283 -1.831000
7335 513 0.117800
7335 4150 -0.558300
7337 7671 -0.847600
7340 7442 -1.862700
7341 2051 0.418600
7342 3959 0.242600
7342 4273 3.004900
7342 9191 0.510800
7343 8504 -0.660200
7347 6816 -1.239100
7351 3627 -1.122000
7352 3353 0.352300
7352 9516 1.589500
7353 4361 -0.428800
7354 1220 0.402800
7355 4064 -0.137400
7355 9425 -0.629500
7356 2067 1.661300
7357 6532 -0.116400
7359 8965 0.141200
7361 1224 0.279600
7361 2818 1.223000
7361 9388 0.424000
7363 7357 -2.041600
7365 4747 -0.359300
7365 5543 0.979100
7365 8578 0.286000
7367 5268 -0.712600
7370 8742 0.555800
7374 371 -1.114000
7375 6340 -0.708100
7376 8121 1.033000
7382 636 -0.089500
7382 5300 -0.738900
7383 6817 0.571300
7384 9848 2.260300
7387 5922 0.325000
7390 5812 -1.242600
7391 9038 -0.512100
7392 6763 -1.574700
7395 1457 0.272800
7402 4256 1.183700
7405 8390 0.268400
7406 3614 0.881400
7407 8440 1.233700
7409 7027 1.392900
7412 776 1.177200
7415 7497 0.936600
7418 7053 -0.604300
7420 8540 0.729600
7421 8181 1.565900
7425 2612 -2.144800
7427 5009 1.288500
7429 409 -0.600200
7429 5002 0.100500
7430 7021 -0.036900
7434 5678 -1.514300
7437 6928 0.300500
7440 6414 -0.339900
7441 1825 1.469300
7441 6504 0.293400
7444 1499 -0.747000
7447 8586 -0.054500
7451 6198 1.395700
7452 7526 -0.312000
7453 1439 -1.309400
7453 2229 0.684200
7454 3252 -0.008500
7458 4296 0.574800
7459 3515 -2.273400
7461 8183 -2.512300
7464 8678 0.563200
7465 5221 0.479000
7465 9422 0.222900
7467 6289 -1.060800
7469 1483 0.691200
7469 9680 -0.613500
7470 1311 0.460400
7471 6850 0.083900
7473 8252 -0.380100
7474 6066 -0.288100
7476 4512 0.438200
7476 5563 -1.943900
7478 1785 0.959400
7485 1698 1.667800
7488 4416 1.096800
7489 421 -0.255300
7490 135 0.264900
7490 7480 0.995200
7491 5408 1.385700
7492 7131 0.741500
7494 1692 0.449900
7497 6828 -1.957800
7498 163 1.644700
7498 2070 1.242800
7504 5191 1.076200
7505 9442 0.141800
7508 440 -0.444900
7512 3334 0.311900
7512 6257 -0.065000
7513 6297 -0.445900
7514 2905 -0.775700
7514 9011 -0.016000
7522 8805 -0.723600
7529 1190 -1.536900
7529 1896 0.307100
7529 5011 -1.271500
7535 4611 -0.045600
7536 455 1.423600
7543 1511 0.244300
7544 7008 -1.028900
7545 1118 -0.028600
7545 1948 0.596400
7545 5715 -0.071100
7555 1095 -0.293100
7556 4922 -0.711500
7558 1899 0.973200
7561 1737 -0.286700
7563 8061 -0.918000
7565 1952 0.195300
7565 9511 -2.174700
7566 5310 1.505200
7567 7891 0.058500
7572 1355 0.113000
7572 3864 0.927100
7573 6837 1.417400
7574 6284 1.751100
7574 8869 1.334700
7576 370 -0.580600
7576 4078 0.344600
7576 8723 0.040500
7578 6333 -0.619900
7579 3532 0.389700
7580 8070 2.739100
7581 8158 1.019000
7582 3822 0.872000
7582 5509 -1.699400
7587 608 -0.670800
7587 7163 -0.635100
7588 1044 0.374300
7589 4157 -1.308600
7594 1630 0.629400
7594 2938 -0.227200
7598 8170 -1.139900
7600 843 1.731200
7601 8097 -0.995300
7608 2549 0.528500
7611 5149 -0.351600
7613 1955 -1.040900
7618 6430 0.643800
7620 6462 1.025900
7627 1092 0.259300
7640 39 0.044200
7641 7481 -2.363200
7642 31 0.653700
7643 7959 -1.306800
7643 9991 -1.057800
7644 5756 -1.360100
7646 2170 -3.303100
7646 5052 0.074400
7647 7860 -0.920900
7649 4553 -0.272900
7655 3939 -0.200000
7657 4830 1.262200
7662 2910 -0.583200
7664 8122 0.920000
7666 4720 0.026000
7666 7107 -1.266900
7666 9718 -0.054400
7667 8727 -1.746900
7670 8296 0.828200
7672 6099 -0.703200
7673 871 -0.812500
7674 4304 -1.313000
7675 5440 0.862900
7677 3533 -0.931600
7677 7521 0.972400
7678 2349 0.581300
7680 314 1.601400
7681 306 1.043400
7682 7862 0.468600
7682 9072 0.491500
7685 4535 -2.274200
7687 2467 -0.780200
7692 6740 -1.899200
7698 1690 0.742000
7698 4030 -0.173700
7699 1632 1.749800
7699 7377 -0.583000
7700 7797 0.999200
7703 5164 1.111800
7706 9772 -0.428600
7707 3852 0.704800
7709 1667 0.299900
7709 8684 -1.274100
7709 9253 -1.117300
7710 7919 -1.263400
7711 8729 0.149200
7711 8807 -0.343100
7713 569 0.906700
7713 9389 0.068100
7714 8431 -1.977800
7717 2882 0.606200
7720 7933 -0.980500
7725 972 0.783800
7728 2803 -0.378200
7732 6658 -1.569500
7734 9141 0.601000
7739 4616 1.086200
7748 4834 -0.318000
7750 4877 -1.501400
7750 7607 -0.197000
7751 665 1.352300
7752 1249 -0.010300
7752 7199 -0.141900
7753 3374 0.416700
7756 7589 0.562700
7757 7233 1.063000
7757 7387 0.877100
7760 4085 0.813700
7761 8954 -0.614200
7763 1759 -0.955400
7763 4774 0.046700
7769 1679 0.930600
7769 2935 0.455800
7771 4317 3.089500
7775 4960 -0.843700
7775 5610 -1.426300
7776 2533 0.257400
7776 8310 0.345800
7777 6772 1.637800
7779 133 -0.247500
7779 1205 1.178500
7781 4696 0.028900
7785 8867 1.526500
7786 3895 0.788900
7786 4082 -0.438200
7787 4511 -1.044700
7787 9909 -0.167500
7789 1737 -0.234200
7789 3372 -1.302400
7796 5519 0.753900
7797 3147 -0.275100
7800 4574 -0.392600
7807 7971 0.073800
7813 7214 -1.637500
7816 8791 1.364600
7819 2366 1.007300
7820 3956 0.234400
7822 7500 -0.119600
7826 8748 0.041500
7827 9223 0.954200
7830 7011 1.078300
7831 813 -0.614200
7831 1070 1.685100
7832 7868 -0.105700
7834 9039 0.144300
7835 5969 -0.480900
7838 5085 -1.048300
7840 2941 0.405200
7840 7330 0.876300
7842 6844 -0.107800
7845 1725 0.304800
7845 3643 0.655800
7845 6664 -0.058900
7846 2304 -1.513500
7848 113 0.038700
7851 1134 0.053700
7851 1646 0.010900
7854 7223 1.702200
7855 5093 -0.452700
7855 9068 1.384600
7859 9395 -0.926500
7860 5845 -1.073300
7864 3067 0.248100
7865 6926 -1.680100
7867 6037 1.576000
7869 7716 -0.696300
7873 5053 0.835100
7873 8986 0.223200
7875 4768 0.430500
7877 7820 0.110700
7879 1530 0.461600
7884 2341 1.654800
7885 653 0.218400
7885 4471 0.377300
7886 5163 1.110000
7892 4504 0.023600
7893 9993 0.148400
7896 2471 -0.924000
7897 1431 0.142500
7898 2160 0.141000
7898 3510 0.993900
7898 6904 -0.694700
7898 8647 -0.059400
7900 4548 0.695100
7901 9286 0.222600
7903 5696 1.124600
7905 8188 -0.778900
7907 4335 1.257000
7907 5197 -0.163200
7907 7942 1.313400
7912 5241 1.306400
7917 2626 0.742200
7919 3435 0.422900
7920 6895 1.338500
7921 1666 0.147000
7922 6762 -0.469700
7924 3270 0.441400
7926 6909 -1.756100
7932 5664 0.439400
7933 2103 0.290700
7934 80 0.380000
7934 3632 -0.464100
7937 3062 0.246700
7940 8566 -0.630500
7941 9886 0.075200
7945 2202 -1.724600
7946 7178 0.509600
7946 9973 -1.530400
7949 530 -1.086300
7949 1060 -0.408000
7949 2822 -0.279700
7951 9783 1.618900
7953 8020 0.319900
7956 1909 0.705100
7956 4195 -0.189500
7959 5785 0.284500
7961 8660 -1.421600
7963 2310 -0.092200
7966 8109 -0.058700
7967 9613 2.378600
7972 1761 -0.411200
7973 2163 -1.053100
7975 4681 -1.006500
7975 8591 -0.116700
7976 7371 1.796000
7979 7629 1.363700
7980 6414 -1.821500
7981 9038 0.951400
7983 6798 0.233900
7985 8186 -1.298200
7986 8652 -0.209500
7988 8167 -0.982300
7989 4409 -1.189400
7992 500 -0.894900
7992 1293 -0.304700
8003 5698 1.773500
8003 9363 -1.236400
8005 8078 1.055100
8007 1223 -0.423400
8008 7650 0.514300
8010 5109 0.301400
8012 1626 -1.283700
8014 3585 1.033100
8018 7150 -1.548800
8022 753 -0.648600
8023 3862 0.667000
8025 4795 -1.949200
8026 2861 -0.069200
8026 6789 0.228700
8030 7689 -2.958000
8034 7818 -0.526100
8035 3354 -0.858600
8036 2698 -0.607800
8037 5116 -0.196700
8047 9332 1.205100
8048 2271 0.854800
8049 116 0.844800
8051 1988 0.286700
8058 9229 -0.555100
8063 6133 -1.403500
8064 2349 -0.360500
8065 1859 -0.338000
8066 2489 1.203500
8066 8302 -0.342900
8067 7630 0.681400
8071 4051 -1.842600
8071 5097 1.517800
8073 9372 0.624000
8086 650 0.843800
8086 901 0.401600
8087 9378 -0.756700
8089 8801 -0.994300
8091 3759 -1.931500
8092 354 -0.597700
8092 4350 -0.194900
8093 4220 -1.412500
8094 3043 0.974500
8094 3932 -0.300000
8095 7134 0.851500
8097 9734 0.045100
8100 427 1.284500
8100 3159 0.768700
8103 6236 -2.516300
8104 9989 -0.913800
8110 9301 -1.216100
8112 4899 1.126100
8112 9241 0.153000
8113 6835 1.105500
8114 8401 0.056900
8119 5301 2.465400
8122 1620 1.157300
8122 8359 -0.208000
8123 4805 1.039000
8124 9252 1.437600
8125 7992 -0.717900
8126 6520 -0.725200
8128 4125 -1.204200
8134 8774 0.055700
8143 3044 1.363900
8144 7055 -0.083400
8145 6989 -0.180500
8146 8116 -0.266900
8150 1309 1.042000
8152 8229 0.717100
8153 606 -0.160700
8153 3499 0.051000
8159 1889 1.599000
8162 6203 -0.718400
8162 8052 1.827800
8163 6122 0.662700
8167 2865 1.144700
8167 7824 -0.348500
8171 5761 -1.419100
8172 9840 0.051800
8177 1664 -0.304100
8177 7524 -0.701200
8178 7734 0.789800
8179 9350 0.150800
8180 9403 -2.440800
8182 2340 1.283200
8187 3703 -1.134100
8188 6893 -0.435100
8190 9378 0.495500
8194 6428 -0.869900
8197 8089 1.080800
8198 8115 0.362800
8203 3912 0.358200
8204 8150 -1.524800
8207 5989 -1.128200
8210 1779 0.871000
8212 5621 1.314400
8214 4126 1.221700
8214 6328 1.612800
8215 4602 0.856200
8218 8543 -0.581700
8220 6642 0.792400
8221 6072 -1.035600
8221 6439 1.013200
8224 490 -0.960700
8226 800 0.190100
8229 3917 -0.910300
8231 5753 -1.701600
8232 6831 -0.778100
8232 7030 0.485200
8232 9575 -0.990200
8234 6737 -0.799000
8235 5827 -0.073500
8242 2057 -0.581000
8244 3815 -1.628100
8244 8364 1.484900
8249 724 -0.496000
8259 6939 1.450700
8261 5557 -0.052700
8261 5668 0.364300
8263 5446 -2.081500
8265 964 1.750700
8267 5539 -0.436400
8268 680 0.001300
8271 2086 -1.621400
8271 8344 -0.443400
8273 6368 -0.998300
8278 918 -1.675300
8280 940 0.436100
8283 89 -0.236800
8284 8262 -0.378200
8285 6828 0.335500
8288 2133 0.284100
8292 9451 -0.582900
8293 8536 1.366100
8294 6608 -1.815800
8295 9778 0.899300
8296 6936 0.721000
8298 4843 -1.224400
8300 8408 -0.226900
8302 9807 0.662500
8303 2384 -1.423600
8306 5423 0.059900
8306 8356 -2.195100
8308 8265 -1.565400
8312 278 1.580300
8316 2590 -0.419400
8316 7636 0.925500
8317 5695 -0.696900
8318 7642 -1.536600
8319 4203 -1.659000
8321 7423 -0.689000
8323 2958 -0.106900
8332 5727 2.223000
8332 7869 -3.231500
8333 683 0.750700
8334 7413 2.391300
8337 7374 -1.160400
8338 2080 -0.257800
8340 905 -0.065400
8341 962 0.739700
8345 725 -0.134200
8346 166 -0.046000
8350 2621 0.266900
8350 7603 -0.569300
8352 2705 -1.956400
8352 4970 -0.285100
8352 6295 -0.076500
8357 6862 0.237100
8358 1546 0.842200
8359 5975 -1.173000
8362 1169 -0.286300
8365 2225 0.186300
8366 1052 0.272400
8371 3135 0.064500
8372 439 0.686500
8373 6293 -0.581300
8375 5378 -0.895800
8379 9169 0.998100
8379 9701 -0.564500
8383 675 -0.978700
8383 4123 1.214500
8389 2208 -1.663000
8390 5074 -0.670600
8394 5918 0.164800
8396 2027 -0.113600
8396 6997 -1.761000
8397 1070 -0.172000
8398 4216 -0.504700
8400 9595 -0.095500
8405 2419 2.981800
8407 9390 -0.769200
8407 9637 -1.044300
8412 1463 -1.014800
8413 7646 -0.493700
8414 762 -1.287700
8415 9863 -0.071800
8416 1263 0.307000
8417 7905 0.184700
8419 8735 -0.516400
8421 7579 0.990900
8424 3135 -1.800900
8426 8656 -2.067300
8427 1327 0.932500
8427 2664 0.391700
8427 6118 0.187600
8428 4665 -1.690600
8429 5 0.310100
8429 2670 -0.129400
8432 4055 -0.347200
8434 2719 0.339900
8437 1936 -0.386800
8438 3015 1.419000
8438 5423 -1.578700
8439 7526 0.417000
8441 4993 -1.386800
8442 2166 0.224800
8443 324 0.562300
8443 8606 0.306400
8443 9255 0.021100
8445 7465 -0.140900
8451 2796 2.262100
8451 6168 1.895700
8457 9997 -0.616800
8462 6057 0.202600
8467 6844 1.505200
8469 8674 0.063700
8472 4871 0.814300
8478 2111 0.914300
8481 2892 0.606100
8481 6891 -0.612900
8485 3147 -0.617800
8487 8094 0.569100
8489 1772 1.168800
8491 4726 0.922600
8493 9673 -0.054300
8494 9815 -0.937200
8495 606 0.775100
8497 6543 0.592500
8500 7526 0.385600
8501 4340 0.560000
8506 405 -0.958200
8506 7899 0.052300
8510 1202 -1.188000
8510 4078 2.043000
8511 4928 -1.169000
8514 6382 -1.074400
8514 8729 -0.068800
8515 6480 1.335300
8518 5934 1.141000
8519 1095 -1.285500
8519 3251 1.379600
8519 4741 0.211900
8525 3904 0.182000
8528 1154 -0.149200
8528 5445 0.439300
8528 9999 1.383500
8529 5900 1.670000
8530 8495 1.232600
8532 9700 -1.853100
8533 7727 -2.060300
8535 6875 -0.104000
8543 2891 0.678600
8544 6992 0.879400
8545 6967 -0.331800
8546 1359 1.098400
8546 3489 0.460500
8546 4263 0.304800
8547 6066 0.918200
8552 5615 -1.263200
8553 8829 -0.419800
8554 4912 -0.201800
8555 6827 0.800300
8556 4188 -0.365300
8556 8956 0.536300
8563 4479 0.021800
8566 9536 -1.145600
8566 9768 1.496000
8572 3247 -0.533300
8575 6684 1.294000
8576 6199 -0.811300
8577 3476 -0.762300
8577 5210 0.202600
8577 6799 -0.182400
8578 1347 -0.465200
8578 4595 -2.084400
8580 3244 0.025900
8582 9097 1.919600
8584 9235 -2.144200
8587 5838 -1.449600
8587 9201 -1.212500
8592 7856 -0.828800
8596 6732 -1.585200
8600 4855 0.428600
8600 6671 0.788400
8603 2514 -1.738000
8603 8802 0.242200
8604 7857 -0.982800
8605 6377 -0.763800
8606 1760 0.098700
8612 6597 -0.458200
8617 2723 1.258200
8618 8251 -0.518100
8623 3289 -0.314300
8626 8988 -0.425700
8627 7642 -1.678800
8627 8802 -0.992900
8631 5461 2.569200
8642 4099 -0.182000
8642 4952 1.460600
8642 8448 -1.526700
8643 915 0.414000
8644 4755 0.766100
8646 223 -1.341100
8648 7777 -1.209600
8649 7037 0.997100
8654 6531 2.450400
8657 4748 0.446300
8658 4246 0.619600
8659 2505 0.294600
8660 1549 0.210400
8661 8273 0.029200
8662 5319 0.025000
8663 9271 0.721100
8664 8687 1.515600
8665 407 -0.426600
8671 4310 0.096400
8674 7686 -2.265000
8675 8956 -0.835500
8676 4495 0.485400
8678 3366 -0.065100
8682 4336 0.855100
8692 2538 -0.685700
8693 1257 0.965200
8693 1535 0.234800
8701 7640 -1.856600
8703 242 -1.041500
8703 2835 -0.719900
8706 9484 0.929300
8708 9153 -0.799200
8711 5907 -0.163500
8712 2850 0.204700
8719 9097 0.152700
8720 503 0.686800
8720 720 -1.039300
8720 4277 -1.089900
8721 421 -1.646400
8721 9725 0.120100
8722 4255 0.178000
8724 8253 -1.080000
8724 9110 -0.455400
8727 789 0.640400
8727 2674 -0.814500
8729 1792 1.250100
8729 7509 0.211900
8730 9092 1.681100
8733 9632 1.397700
8734 8582 -0.762600
8735 8084 1.058000
8736 938 0.186700
8736 6565 -0.422900
8737 7280 -0.373100
8738 6334 1.367100
8741 1598 1.128700
8742 1129 0.892900
8742 1467 1.010200
8743 3266 -1.205800
8744 1728 -0.477000
8744 6250 2.154500
8747 6576 -1.396400
8756 5278 -0.732400
8757 3196 0.181700
8760 5277 -1.791400
8762 192 -0.761800
8763 4034 -0.078300
8766 2 0.302200
8772 8326 0.687800
8773 4595 -0.275700
8773 4624 -0.560200
8779 5585 -0.349400
8788 9307 -0.453700
8793 1574 0.062200
8794 797 0.740900
8794 4356 -0.165400
8794 5562 -0.478300
8794 8164 -2.494200
8798 1254 0.663800
8799 8336 -1.598900
8801 1281 0.392600
8801 6022 -2.095200
8802 8302 -0.336600
8804 5566 -0.035700
8807 6603 -1.142300
8808 1402 -0.146800
8808 1649 1.081300
8811 6495 -2.048700
8812 7647 1.510700
8815 1491 0.913100
8818 5227 -0.955000
8827 6319 -0.843300
8831 6767 -0.386100
8832 3668 1.314000
8832 3826 0.322500
8837 5564 1.101000
8839 4580 -0.506100
8840 2067 0.181000
8841 909 -1.243300
8843 7360 -0.664400
8844 8622 1.466500
8847 1577 -0.763400
8847 2019 -1.288300
8850 1160 -1.136000
8852 3827 1.597500
8852 8563 0.967000
8854 8343 0.787600
8858 5934 -0.907400
8864 1016 -0.851900
8865 4080 -0.395100
8868 9640 -0.380200
8869 5505 -0.394200
8871 4206 -0.195400
8872 2576 -0.290000
8873 105 -0.072900
8874 1006 1.855700
8875 3900 -0.130800
8875 7319 -0.986500
8877 5155 -0.526200
8880 9175 -3.369900
8881 2171 0.933300
8881 3124 -1.273500
8882 6532 -0.647500
8884 460 0.644900
8884 7532 -0.081400
8891 2586 -1.682800
8891 7225 -0.286400
8891 8995 -0.272100
8891 9017 -0.968400
8892 4120 -1.011400
8894 7600 -1.859200
8896 5624 -1.637200
8898 7948 1.421800
8899 4196 -0.387400
8900 4116 2.131100
8900 6363 -0.663900
8902 2030 -0.369500
8903 7310 -1.641000
8905 3076 1.520000
8906 3826 1.733200
8908 9885 0.912500
8924 721 -0.582700
8927 3177 -1.253800
8932 8592 -1.339900
8933 6749 -0.869900
8934 4193 -0.169100
8938 2631 1.648900
8939 7355 1.187400
8940 6484 0.983700
8943 531 1.519400
8943 1647 0.468400
8945 4331 -0.194100
8945 6413 -1.114300
8948 7856 0.460200
8950 6559 1.767300
8951 336 -1.610100
8951 8117 0.551700
8952 2751 -0.058000
8954 8593 0.832800
8956 66 0.187700
8966 959 1.232100
8969 4391 -0.362500
8970 1090 2.000400
8971 295 0.773500
8972 2315 -1.022700
8972 4962 -1.792900
8974 8108 -0.125500
8978 5949 -0.835200
8979 9446 -0.313700
8982 782 -1.117700
8982 8621 -0.672800
8985 4613 1.503400
8986 1990 1.177700
8987 4435 -0.010100
8990 9032 -2.139700
8990 9362 1.419400
8992 8345 -0.165000
8994 6916 -0.593200
8998 5329 0.090400
8999 500 1.231200
9000 7119 1.927400
9001 6945 -0.486700
9002 457 1.370200
9003 1064 0.128800
9003 6137 -0.407500
9004 8811 -0.654500
9007 2404 -0.168000
9007 6607 -1.360300
9008 6732 -0.040300
9008 8063 -0.927200
9008 8969 -0.296100
9008 9454 -0.115300
9011 4638 -2.807500
9011 6873 2.307200
9013 1458 -0.706100
9021 498 1.336900
9023 9599 0.772800
9024 1908 1.360400
9025 8456 -1.247100
9038 7922 -2.230200
9042 3480 0.659000
9045 8975 -1.726000
9046 9887 -0.214400
9049 3049 -1.081400
9052 3922 -0.872900
9054 5565 -0.413300
9055 6613 0.257700
9055 8404 -0.725600
9056 5589 -0.133500
9061 5510 0.118700
9061 7210 -0.549200
9063 7808 -0.328300
9064 9335 -0.687000
9065 3418 2.622700
9065 8921 0.893300
9068 1400 1.239600
9070 142 0.463300
9070 4738 -0.541400
9070 9792 -0.461200
9076 7738 -0.480700
9077 4899 -0.223300
9079 1276 -0.226900
9079 3612 0.941600
9080 3363 1.329700
9080 9389 0.165400
9086 4690 -1.020000
9088 4447 -0.555600
9089 5492 -1.032700
9090 5302 1.444700
9094 3645 0.029600
9095 9851 -1.661500
9096 3446 0.201000
9097 9797 0.721300
9099 5698 0.866800
9100 9493 -0.796200
9103 168 -1.132600
9103 4410 -2.289700
9105 6458 -0.313300
9108 4533 2.038500
9112 3806 -0.080200
9112 8602 1.376900
9114 4638 -0.230300
9118 3542 -0.706300
9118 5406 -3.598400
9124 490 -0.955000
9124 1838 0.305400
9126 589 -1.389400
9127 2478 -0.012700
9128 8002 1.137000
9131 1085 -1.639400
9132 5104 0.669100
9133 1191 0.081500
9137 6429 -1.221400
9138 4046 2.201200
9140 1256 -0.050200
9141 432 0.094900
9143 917 -0.169000
9143 3611 -1.464600
9143 8415 0.356200
9148 3654 -0.227800
9149 4968 -0.261600
9150 884 -2.197700
9153 5319 -0.002100
9156 5366 -0.738600
9157 1710 0.393400
9158 1545 -1.742400
9159 8363 0.671800
9159 8581 -0.248700
9164 5667 -0.786000
9164 9891 -0.426900
9166 4073 1.089500
9166 7382 0.127600
9167 2117 -0.211500
9169 8253 2.148100
9169 9428 0.123800
9170 8666 -1.712000
9172 4146 -1.526300
9175 1211 -1.156800
9178 6819 1.017900
9179 8314 -1.064400
9185 2693 0.639400
9187 6663 -0.569000
9188 6025 -0.329400
9189 4376 0.013800
9191 2491 -0.086500
9194 3580 -0.605500
9196 1157 0.847400
9198 1423 1.779400
9200 6197 1.466100
9202 2949 -2.361800
9206 4390 -0.584600
9209 4946 -1.056100
9210 2766 -0.985500
9212 1750 1.023600
9213 604 0.223200
9215 128 -0.816900
9217 4051 0.875600
9219 2750 -2.688200
9221 3516 -0.872200
9223 6100 -0.011300
9225 7868 0.797200
9225 7907 -0.788200
9227 2298 -0.884300
9229 3361 1.754500
9231 4869 0.407100
9234 5032 -1.031900
9235 5126 0.864600
9239 3835 2.004900
9241 7182 -1.798900
9244 477 -0.789900
9245 7073 -1.981900
9246 8023 -0.225500
9250 2332 -2.637100
9253 2782 0.407400
9255 2608 1.521600
9261 5823 1.686500
9265 3598 0.475500
9266 829 -1.374400
9272 5312 -0.765700
9276 9839 1.405700
9277 996 1.451800
9279 6564 0.392800
9280 940 -0.173900
9282 7804 -0.456400
9285 19 0.667200
9285 6892 -1.427400
9286 4805 -0.379200
9290 3177 2.248500
9292 5997 0.041500
9294 4733 -0.360900
9299 8226 -0.426700
9306 3064 0.252600
9309 3378 1.100800
9309 9376 0.333100
9310 1778 0.307300
9312 9716 -1.570200
9314 8205 -0.501200
9316 9604 1.794700
9318 2963 0.805500
9319 985 -0.402600
9322 6506 0.580600
9329 4301 -0.526700
9330 5063 -1.029400
9332 1074 0.974700
9340 2387 -0.655600
9341 981 0.628400
9341 2163 0.495300
9342 1091 1.061400
9343 7827 0.651500
9344 2052 -1.274700
9344 4660 -0.406800
9348 3649 -0.290300
9348 4807 0.139800
9348 4811 -0.597900
9351 6047 -0.289300
9355 6789 -0.022700
9356 4474 -1.459000
9356 7090 0.582500
9357 4886 -0.728400
9362 492 -0.705200
9363 8361 0.337100
9363 9871 0.173100
9368 9593 0.457800
9369 9784 0.414000
9370 1269 -1.509600
9371 1953 0.685600
9371 9124 0.564000
9372 8362 0.144300
9379 9309 0.369300
9379 9434 -1.335900
9380 2908 1.009800
9381 7008 1.444700
9383 281 -0.880700
9385 963 -0.323400
9392 6356 0.589800
9393 5544 -0.835200
9393 6077 -2.018400
9399 4445 -0.673200
9402 4185 0.427900
9402 5602 -0.069500
9404 4458 0.517200
9404 9972 -2.069200
9405 9602 0.364100
9407 4531 -1.219600
9408 5880 -0.925700
9411 4470 0.143200
9413 7065 -0.704100
9414 2827 -0.830900
9415 1107 -0.164000
9420 491 0.294700
9422 2014 -0.343300
9425 1278 -0.696800
9425 6522 0.095900
9426 6221 0.564300
9430 2411 -0.017700
9430 2624 -0.662900
9433 4143 0.596900
9433 8018 -0.523700
9435 8093 -2.008300
9436 3168 0.768600
9438 9771 -1.729600
9439 4026 -1.301800
9439 4166 0.071700
9442 3363 -0.633100
9443 2394 -0.299900
9445 1988 1.691300
9448 8043 0.304700
9451 3408 -1.827100
9453 8160 -0.395800
9454 8497 0.158700
9456 6116 -0.827800
9460 8892 0.864600
9467 889 1.169700
9467 3529 -1.317200
9468 5352 -0.012300
9469 6885 1.222100
9471 8272 1.028200
9477 5834 -3.029700
9479 6308 0.029200
9480 9338 0.050200
9483 6457 0.824900
9484 2753 0.741900
9486 2946 -0.034600
9490 693 -2.161200
9490 1030 -1.057500
9491 3932 -1.367600
9494 2359 0.197600
9494 6870 -0.455500
9496 6450 -0.664900
9499 9737 -1.781600
9500 1504 0.311100
9500 3198 0.326900
9502 4330 0.129900
9502 7029 -0.283800
9503 3812 1.232000
9503 9549 -0.534900
9505 4519 1.593200
9505 8940 0.708800
9508 701 0.418800
9514 1068 2.201300
9514 4436 1.317500
9527 2080 -0.004700
9528 4574 2.037900
9532 478 0.629000
9533 8589 0.222700
9534 4677 -0.349900
9535 295 0.606800
9536 4021 -1.891000
9537 7228 -0.766600
9539 6725 -0.492300
9546 2334 -1.001900
9546 6378 -0.659800
9548 2297 0.508700
9548 6996 0.240600
9548 7126 -0.219600
9556 5989 -0.881400
9557 8805 -0.322100
9561 3097 -0.920000
9562 1365 -0.695700
9564 5996 0.305200
9565 3552 -0.611000
9565 3654 -0.611300
9568 3162 -0.265100
9571 9355 -0.863800
9572 1460 -0.754300
9573 3653 -1.535200
9574 7085 -1.731000
9577 4731 -1.335400
9581 2074 -0.349800
9583 3466 -1.359400
9583 9776 -0.026300
9588 3692 -0.170900
9589 2439 -0.234100
9592 4986 -2.062800
9592 8778 -0.782800
9593 1487 0.868100
9593 3027 1.241300
9593 9018 0.495400
9597 5534 0.799400
9608 2029 -0.829200
9608 2682 1.133200
9613 6727 1.226900
9617 1532 -1.504800
9617 3093 0.676300
9618 4287 0.758500
9619 583 0.757700
9621 3727 0.858100
9622 40 -0.097300
9622 9470 0.024500
9623 8979 -0.390600
9624 1802 -0.226300
9624 4399 -2.517300
9625 4187 0.449100
9627 381 0.032400
9634 111 0.325700
9635 2363 1.169600
9637 1154 0.877000
9640 6369 -0.607600
9643 5437 -0.551100
9643 6489 -1.979400
9645 9257 0.637200
9651 5077 -0.502800
9653 6151 1.550600
9655 9514 2.361100
9657 8523 -0.134900
9665 6963 -1.121800
9674 9276 -0.886200
9686 3471 -0.509700
9687 3223 -2.385100
9688 142 0.082400
9688 5942 0.038100
9691 5756 -0.645700
9692 5247 -0.004200
9692 6577 -0.213100
9692 9039 -0.121700
9694 5012 0.941600
9694 8820 -0.127100
9699 3127 -0.106000
9700 6931 -0.573900
9700 7396 2.344100
9701 5154 -0.401300
9704 5322 -1.098500
9706 7005 0.273200
9709 2116 -0.327100
9709 3277 0.629900
9710 5177 -0.455700
9712 795 0.199300
9712 4871 -1.473900
9714 6072 -3.617100
9718 67 -0.863900
9718 4414 0.496200
9718 5813 -0.548900
9723 5368 -0.777200
9729 5514 0.753500
9732 819 -0.828700
9733 7588 0.442500
9734 7003 -2.806700
9735 4273 -0.443700
9736 1962 -0.210900
9736 3222 -0.572100
9738 2434 -0.856000
9739 5804 1.407800
9741 1333 -0.726100
9741 6874 0.061600
9742 7310 -0.019000
9743 2240 1.855700
9743 3708 0.303100
9747 7925 1.903400
9748 3166 1.844100
9749 7368 0.014700
9750 1563 0.486400
9751 9501 0.263400
9753 9440 -0.070300
9756 9600 0.016800
9759 2909 0.067500
9759 6632 -0.237900
9760 7526 1.084800
9760 7635 -0.910300
9764 5242 0.208000
9771 3632 0.853700
9772 5938 0.233700
9777 5772 0.223000
9777 6767 0.735200
9777 6989 -1.639600
9784 5302 0.494700
9786 7133 -0.886700
9788 7148 0.236500
9791 4975 -2.781000
9792 258 0.346100
9792 4202 0.837300
9792 9794 -0.184500
9793 3778 -0.958400
9793 6532 -0.205300
9793 8573 0.145900
9795 6083 0.001100
9797 3992 0.465200
9799 8758 1.930000
9800 2379 -1.540900
9802 7456 -0.804700
9803 371 0.161600
9803 1272 -0.503400
9807 4337 1.400600
9808 3066 -0.629500
9811 2648 -0.263900
9814 7537 -0.746800
9815 5721 -0.401100
9818 6366 2.216700
9819 5923 -2.916900
9820 1302 -0.297400
9821 2775 -1.667100
9821 3747 -1.244300
9824 9365 -1.157300
9825 7843 1.761100
9830 202 1.446900
9831 8558 0.074200
9834 6935 -0.481400
9838 9860 0.546600
9840 3942 -1.525800
9844 320 1.832900
9844 5378 -1.286100
9844 7536 1.192500
9844 7813 1.092500
9845 2951 1.035500
9847 7990 -0.430400
9848 7391 0.552700
9849 7543 -0.716900
9853 316 0.647600
9855 6219 -0.984100
9857 1251 0.059200
9860 3980 2.211300
9861 2692 0.761800
9864 9719 0.419500
9866 1122 2.139200
9866 1206 1.960200
9866 9725 -0.334000
9870 1576 -1.884100
9871 4632 -0.289900
9876 3234 -0.301900
9877 2676 0.106100
9878 350 -0.015400
9880 768 0.740300
9880 1087 0.548300
9880 7646 0.235200
9883 767 0.323100
9884 9336 -0.096600
9886 5171 2.080000
9889 1519 0.836200
9892 7735 -1.076100
9895 1700 0.856100
9900 7648 1.021600
9901 3780 1.629400
9902 446 -0.215000
9902 1441 0.405300
9903 4487 -0.531600
9904 265 -0.889800
9911 3980 -0.609300
9916 5253 0.352800
9919 8797 0.704400
9927 2429 -0.541400
9928 3981 0.016900
9933 8058 -0.852100
9934 5870 -1.115900
9935 8304 0.659500
9936 5889 -1.683200
9938 7527 -0.698900
9939 5955 -1.712600
9943 4071 0.749600
9945 1455 -0.776400
9948 4307 -0.468900
9948 4597 0.484600
9949 5886 -0.451500
9951 2116 -0.212600
9952 62 -1.471200
9953 8128 0.224000
9953 9391 0.213100
9955 5710 -0.229700
9956 1657 -1.054800
9956 8037 -1.571600
9960 3433 0.395900
9960 8461 0.185400
9961 7754 -1.332600
9964 4738 0.445700
9965 1047 0.291700
9965 6959 -0.504100
9966 8677 -0.560000
9969 1129 -0.790800
9976 4111 1.255800
9977 7175 -1.104600
9982 4785 -0.514200
9984 7137 -0.306500
9986 6014 -0.039800
9987 167 -1.219200
9990 2592 -0.102700
9992 6914 -1.331900
9994 441 1.025300
9998 9711 0.601400
9999 2968 1.493300
9999 4967 -0.481300
