5000 9500
1 2144 0.135800
1 4056 0.511500
2 4534 0.041400
3 7419 0.312400
4 5759 0.321800
5 3047 0.948300
5 5569 0.207300
6 3151 0.489300
6 6239 0.444700
7 2603 0.820800
7 2962 0.017500
8 2732 0.788500
10 9337 0.540800
11 1326 0.045500
11 3796 0.513900
13 2428 0.445600
15 6634 0.491400
16 6275 0.659900
17 6366 0.505400
19 1721 0.741900
19 3118 0.943800
21 2790 0.799300
21 8121 0.437700
22 7003 0.090300
23 431 0.933600
23 5394 0.378400
25 265 0.758900
28 1528 0.803800
29 4076 0.804200
30 5427 0.595800
30 6163 0.325000
31 5315 0.748300
33 8995 0.476500
36 2998 0.515600
37 552 0.480100
38 8462 0.424000
38 8636 0.176000
39 7264 0.280600
41 1593 0.877700
43 5164 0.873900
44 2526 0.489600
46 3508 0.606300
48 753 0.717700
49 279 0.140000
49 987 0.583100
50 4374 0.195000
50 7698 0.063300
51 2470 0.063900
54 1276 0.939900
56 4954 0.520200
57 2091 0.150100
58 9092 0.646600
59 3906 0.583800
62 9382 0.312300
63 5244 0.672100
63 7682 0.397100
64 8238 0.219500
65 2978 0.240800
66 4129 0.386400
68 1796 0.033500
68 5523 0.346700
70 806 0.552000
71 2079 0.558400
73 7017 0.066800
74 4903 0.581900
77 2702 0.475900
77 6162 0.661900
78 7744 0.786100
79 5041 0.190000
80 5090 0.961500
81 4680 0.535100
83 9002 0.914500
84 6658 0.645700
85 3299 0.153500
89 2387 0.052200
90 8119 0.015100
93 3661 0.196400
96 8191 0.527700
97 7758 0.147700
98 1171 0.073100
98 5191 0.554800
99 5039 0.981300
102 6141 0.162900
103 1899 0.156600
106 8078 0.163700
107 8807 0.078500
108 1949 0.718400
109 6058 0.446300
112 4123 0.510100
112 7476 0.605100
113 4006 0.883100
113 6872 0.121900
114 2482 0.290300
118 4036 0.062300
119 187 0.143500
120 2585 0.068000
122 3030 0.185100
123 2021 0.768700
124 9273 0.897700
125 1430 0.518300
125 2790 0.844600
126 280 0.228800
128 7308 0.428400
129 605 0.368300
130 2152 0.696000
130 7418 0.944400
131 1680 0.217900
131 2344 0.753000
134 1983 0.519800
134 3891 0.760100
136 2193 0.880900
138 3472 0.237500
138 6818 0.939700
141 5043 0.027200
143 1280 0.561500
146 2547 0.890500
146 5248 0.167000
146 8359 0.425200
148 4631 0.326900
149 325 0.567600
151 1953 0.827000
151 2256 0.391700
151 9480 0.621400
152 1487 0.965200
154 642 0.828500
154 7835 0.813400
157 8574 0.955100
158 2296 0.183100
159 2172 0.670400
159 5424 0.735600
159 5436 0.819600
160 5578 0.681000
161 8811 0.330100
163 4767 0.034700
163 5393 0.120200
163 9091 0.283700
164 3204 0.838200
165 3233 0.901400
165 4568 0.449900
167 6135 0.988500
168 7527 0.033800
168 7720 0.859500
170 3546 0.528600
170 5448 0.975500
172 7209 0.877200
172 8921 0.161300
173 4154 0.353400
173 5515 0.058000
174 946 0.444100
174 2156 0.441100
175 6036 0.326700
175 7051 0.914400
177 29 0.494600
177 4120 0.710200
178 3526 0.664600
178 7524 0.831800
180 8917 0.258000
181 3270 0.769200
182 1726 0.410600
182 2925 0.055700
183 7200 0.870600
184 2440 0.972300
184 5439 0.117000
186 515 0.508300
186 4213 0.755600
188 1741 0.110000
190 1082 0.033900
195 6416 0.441100
195 9028 0.129800
196 193 0.971600
198 1831 0.940200
198 7834 0.933100
200 1014 0.983800
209 6909 0.693000
209 9424 0.702500
211 3304 0.371300
211 6833 0.064100
212 8199 0.443500
213 2649 0.543000
213 8862 0.540200
215 7890 0.786300
216 3567 0.601400
220 29 0.947000
220 2720 0.631200
222 1015 0.878800
225 2658 0.122700
228 5836 0.813500
229 6028 0.977600
230 94 0.231200
230 3308 0.912700
231 2504 0.676400
232 5770 0.725100
235 1966 0.685800
237 5389 0.796700
237 6350 0.529600
238 9236 0.754600
239 181 0.503600
240 6714 0.907000
242 5596 0.123600
243 8395 0.852200
243 8849 0.175000
243 9402 0.764200
244 568 0.459300
246 7488 0.606100
247 694 0.364000
247 6088 0.401900
247 7593 0.730100
248 8102 0.955100
248 9429 0.878800
249 6263 0.609700
249 8637 0.967800
251 3901 0.634100
252 3761 0.777300
253 8740 0.898500
256 964 0.226600
256 8601 0.101300
257 4915 0.828300
257 7242 0.424500
257 9260 0.727100
259 2127 0.936700
260 2515 0.296500
260 5181 0.312200
261 149 0.549700
261 907 0.552600
261 4923 0.640400
261 5210 0.596600
261 8457 0.161200
262 3962 0.417900
263 6308 0.369100
265 8690 0.080300
267 5036 0.236300
267 7036 0.994300
268 8418 0.909300
269 826 0.790800
269 829 0.135100
269 6599 0.550300
269 6735 0.053800
269 7086 0.676600
270 3676 0.822300
271 1641 0.911400
271 6017 0.147200
272 1263 0.304900
273 2145 0.779900
273 7769 0.487200
274 1574 0.549200
275 1834 0.878200
276 8151 0.988300
278 645 0.019200
279 1528 0.351300
279 2932 0.534600
279 9070 0.747800
281 14 0.970000
283 2595 0.695100
284 2409 0.273300
284 5787 0.951100
286 2464 0.907700
288 1629 0.457400
289 8660 0.733200
290 3900 0.558200
295 743 0.993900
295 2624 0.389300
297 1881 0.881700
298 1628 0.893300
298 5203 0.386000
298 5359 0.727600
298 5859 0.912600
300 3654 0.904100
300 5094 0.081500
301 1370 0.033300
302 2496 0.572400
302 4660 0.009300
303 2033 0.198300
303 8596 0.020700
304 6909 0.792300
305 3373 0.190800
305 5344 0.952100
307 3791 0.770200
307 3811 0.816600
310 120 0.426100
310 8730 0.300200
317 710 0.680300
317 4430 0.858500
317 8261 0.871800
318 1874 0.897100
320 5719 0.843600
320 8126 0.485200
323 3191 0.488500
323 6594 0.065300
324 329 0.457000
325 3877 0.595600
326 5659 0.110100
330 4780 0.343800
332 0 0.264100
332 4541 0.580200
333 5757 0.435400
334 7337 0.415100
336 2016 0.054200
336 8239 0.259700
337 1180 0.244200
338 5586 0.709100
339 151 0.658900
339 7596 0.119200
340 466 0.129200
340 2410 0.078000
340 3936 0.735200
341 1896 0.556100
341 3485 0.834400
341 6416 0.106100
342 9257 0.256600
343 6981 0.054100
344 3311 0.656600
344 5453 0.277400
346 8384 0.709100
346 8467 0.130300
349 4615 0.524000
351 2468 0.045900
351 6047 0.101300
352 386 0.468900
353 541 0.710600
353 5975 0.601300
353 9432 0.204900
354 5195 0.618800
355 5741 0.699200
356 4726 0.314800
356 7006 0.804800
357 3616 0.178000
357 3956 0.241300
360 218 0.594700
364 4363 0.868200
364 5990 0.818700
365 1246 0.590100
366 3058 0.002300
366 8242 0.944500
367 8884 0.792500
369 1043 0.399300
369 6323 0.873400
370 6068 0.674400
370 6609 0.242400
379 1391 0.168400
379 4455 0.861100
379 4659 0.326600
381 1407 0.325200
381 6030 0.400200
382 747 0.763500
382 7234 0.164100
384 5798 0.688300
386 260 0.643300
386 5770 0.821400
386 9433 0.378500
387 4377 0.111900
390 72 0.859500
390 7390 0.713200
391 6277 0.575000
392 1416 0.741100
393 1678 0.753700
401 2725 0.555100
404 3929 0.800900
405 7481 0.670300
406 1911 0.535100
408 713 0.685900
410 6447 0.955200
412 1139 0.627800
413 8329 0.819100
414 1669 0.189000
414 2403 0.751500
415 6491 0.221600
416 1304 0.416400
416 3103 0.790900
417 4304 0.400000
417 5345 0.045100
417 7409 0.201000
417 8810 0.042900
419 2805 0.639200
419 4875 0.251800
419 4892 0.419900
419 6505 0.171800
421 876 0.884500
421 5545 0.341000
421 7827 0.205100
422 1967 0.795400
422 5809 0.024500
422 7442 0.039800
423 1967 0.529800
423 6551 0.933400
424 226 0.602200
424 1060 0.601200
424 5438 0.643900
426 4260 0.921900
427 4855 0.219300
427 7248 0.884900
429 4288 0.048800
429 5043 0.812000
431 8276 0.032600
433 3078 0.415000
434 5566 0.594700
435 1608 0.196800
437 1740 0.796100
437 4366 0.211000
439 4533 0.174400
442 135 0.613800
443 9075 0.941100
444 1740 0.661600
445 7286 0.214900
447 4207 0.913600
448 1231 0.380200
449 7087 0.035000
449 7104 0.227300
449 9394 0.906900
450 2683 0.869000
451 894 0.582500
451 1620 0.560800
454 7696 0.001100
454 8259 0.126900
454 8429 0.214600
455 4613 0.826800
455 7747 0.387600
457 2186 0.318100
457 5963 0.261800
457 8496 0.296500
459 2776 0.428200
460 2239 0.192400
460 6080 0.567500
461 1191 0.657700
461 8640 0.685600
461 9251 0.353700
463 2242 0.956800
464 408 0.243700
466 5954 0.748300
466 6862 0.390200
467 7418 0.844800
468 7315 0.372000
469 4772 0.707600
471 3291 0.345700
471 5734 0.877200
472 4068 0.750500
473 3477 0.434400
474 8602 0.400700
476 5331 0.372900
476 5363 0.443300
477 5385 0.380300
479 2835 0.072700
479 8600 0.440300
481 2320 0.606500
482 1254 0.304800
482 6690 0.406600
483 1488 0.101000
485 1571 0.476900
485 2253 0.292400
486 5329 0.016300
487 8986 0.884400
488 5739 0.210300
491 1410 0.683600
491 4654 0.154400
492 2806 0.974300
492 6455 0.502700
493 2859 0.891400
493 5982 0.726500
493 6355 0.497200
495 2260 0.607200
495 2326 0.349300
495 7115 0.526200
501 1270 0.796900
503 2505 0.273700
503 7306 0.292700
505 8486 0.348200
507 8586 0.876000
508 2815 0.093300
508 7363 0.206700
512 141 0.302800
513 8339 0.351500
518 88 0.726700
518 1454 0.886300
520 2905 0.051900
521 1107 0.078600
521 1597 0.014500
522 5862 0.193300
524 2847 0.026300
524 7381 0.468800
524 8802 0.243400
525 5943 0.919900
525 6128 0.715800
526 5558 0.488600
527 1794 0.078100
528 4418 0.530100
528 5142 0.666100
528 8568 0.607700
529 7550 0.419600
531 8149 0.110800
533 1803 0.816600
533 4836 0.249300
534 8971 0.509200
535 4305 0.804100
538 822 0.509800
538 7310 0.302700
539 6582 0.861900
539 6664 0.057400
540 1110 0.730800
540 9231 0.900900
542 5568 0.464000
544 8141 0.469400
545 7840 0.153800
546 7510 0.961800
546 8054 0.876300
548 1787 0.488600
548 5518 0.407100
548 7126 0.126600
548 7487 0.925400
549 3150 0.005600
550 2442 0.186400
550 7600 0.324100
550 8481 0.050200
551 4535 0.144500
552 43 0.729400
554 5571 0.482300
554 7983 0.338100
555 1117 0.236800
555 2035 0.450900
556 409 0.185500
556 667 0.324300
558 7090 0.264000
559 5238 0.830100
561 8212 0.696400
562 868 0.333500
562 6247 0.580200
563 4085 0.287800
563 6786 0.264000
566 6432 0.259900
567 7109 0.677100
568 3367 0.519800
569 3597 0.076800
569 5256 0.055800
569 6724 0.258700
570 5486 0.439900
573 6753 0.284300
576 5655 0.678800
577 8918 0.949600
578 1375 0.774000
580 9061 0.636100
581 2254 0.753600
585 4918 0.746800
585 5398 0.586000
587 805 0.773100
587 2902 0.392500
587 7600 0.605300
587 8531 0.247400
590 325 0.290200
590 5251 0.019300
591 7184 0.347300
594 1519 0.141800
594 3739 0.411500
594 6021 0.153100
596 2817 0.829000
596 3184 0.739200
596 6262 0.098900
598 4103 0.820600
600 78 0.227100
600 4944 0.106900
600 6668 0.662800
601 7125 0.954600
601 9304 0.814600
602 2186 0.623300
603 5379 0.328300
604 1709 0.277400
604 8578 0.434400
605 730 0.350300
606 2041 0.877800
608 8545 0.006200
610 3994 0.696400
610 5554 0.338100
613 7791 0.305000
614 4287 0.648100
615 820 0.921100
615 4263 0.893100
616 2383 0.997200
616 3798 0.072900
616 5959 0.129600
617 7403 0.981600
618 3249 0.090200
618 8986 0.686200
619 296 0.929000
619 3035 0.141800
620 3208 0.884400
620 6256 0.019800
623 3417 0.342700
624 884 0.238300
625 5203 0.984600
626 176 0.846600
626 5993 0.794500
627 5221 0.900300
627 9115 0.780100
628 3612 0.836500
630 4926 0.321100
632 3309 0.742700
634 1423 0.664500
635 5468 0.289200
635 5639 0.337400
636 6237 0.908600
637 4037 0.032300
637 8919 0.696400
639 901 0.208800
640 5154 0.824100
641 3303 0.218200
647 2613 0.099600
647 8310 0.619500
648 6319 0.103800
649 9210 0.799100
650 2765 0.902900
654 7261 0.312500
654 7784 0.281600
655 350 0.006800
656 555 0.495900
656 1206 0.988500
659 1502 0.737900
659 5114 0.310700
659 8384 0.600400
660 293 0.781700
660 576 0.111500
660 2708 0.579300
661 2079 0.870400
663 7153 0.689800
665 6663 0.243000
666 5976 0.342700
667 525 0.545400
667 634 0.067600
667 5871 0.410400
668 6409 0.237500
668 7067 0.489000
669 1649 0.806100
669 7657 0.377800
670 3413 0.518000
671 4619 0.094600
671 8205 0.909100
674 1093 0.207600
677 701 0.382100
677 3764 0.660300
680 2408 0.758400
680 3785 0.173100
681 1652 0.517400
682 7279 0.995300
683 8172 0.707600
686 8956 0.080600
687 2233 0.043300
688 2385 0.491200
689 3315 0.446600
690 7703 0.486800
691 808 0.165900
693 2414 0.360700
693 2856 0.880700
693 5299 0.744400
693 5967 0.416800
693 9448 0.907400
694 5437 0.094300
694 6314 0.181300
698 2978 0.946600
698 3676 0.100800
701 7164 0.388000
702 5920 0.289200
704 5275 0.073100
705 5879 0.194600
705 6424 0.417500
706 9159 0.292900
708 9133 0.702100
709 4072 0.239700
710 709 0.959500
710 6689 0.305500
710 9056 0.154900
711 3261 0.555500
712 2341 0.790500
712 3702 0.443900
713 478 0.995800
713 498 0.436600
714 9292 0.304400
715 348 0.246500
718 8491 0.960800
719 2953 0.222900
719 7317 0.395600
722 7546 0.224500
724 4172 0.270000
727 5083 0.418400
727 6205 0.997700
728 7322 0.911000
729 6685 0.550400
732 2882 0.596300
732 9440 0.079100
737 7615 0.576600
738 2181 0.898200
738 4845 0.463300
739 555 0.398400
739 4785 0.104500
739 8408 0.652200
739 8481 0.991700
742 7482 0.678100
743 7024 0.428500
744 4956 0.654800
745 5418 0.588700
746 7147 0.745100
747 278 0.640900
748 1207 0.503700
748 7703 0.938000
749 184 0.605300
749 3586 0.638900
750 253 0.702700
750 378 0.860900
756 4141 0.379700
756 5194 0.712100
759 1054 0.523500
759 3807 0.363500
759 5503 0.434700
759 6782 0.687600
761 950 0.226900
761 1356 0.979000
761 2583 0.975700
761 6100 0.289500
761 9470 0.338400
762 1904 0.996400
762 5339 0.789000
763 4361 0.794900
764 42 0.632400
764 1497 0.811500
764 1712 0.448100
764 7166 0.830600
765 2121 0.126700
767 4678 0.513300
767 7133 0.715900
768 6281 0.248100
770 9098 0.531900
771 5854 0.382200
773 4369 0.801800
774 8014 0.670900
775 3509 0.982900
776 6226 0.936800
777 6833 0.576300
778 8882 0.080200
782 709 0.413800
782 3485 0.180800
782 6807 0.995600
783 2851 0.520400
784 4817 0.885300
785 3409 0.648300
788 1191 0.466300
788 7452 0.095300
791 9172 0.967800
792 6490 0.620100
794 1148 0.156000
794 7524 0.398400
795 7096 0.882500
799 5321 0.539000
805 353 0.543700
805 7965 0.442500
807 12 0.183700
807 2290 0.249200
810 1853 0.285100
811 4493 0.529500
812 4863 0.559800
813 3717 0.415100
813 5048 0.905700
814 3300 0.305100
814 4155 0.649800
817 96 0.288800
817 260 0.255300
817 7503 0.358200
819 3125 0.805900
824 2217 0.538900
826 971 0.590100
826 5790 0.231100
826 6553 0.101900
826 7280 0.644600
828 2813 0.980100
830 4715 0.101700
831 1328 0.187900
831 4324 0.009400
831 4426 0.838300
832 3369 0.481300
833 4430 0.468500
834 1446 0.908500
834 2535 0.417100
834 5767 0.544100
835 2094 0.699000
836 5469 0.079100
837 2805 0.509400
839 46 0.486900
839 9030 0.855900
841 4378 0.614400
843 4081 0.117400
844 7725 0.606900
844 7774 0.164200
845 8507 0.399000
846 669 0.532400
846 5988 0.875200
846 8391 0.659000
847 5980 0.787600
848 1523 0.126000
848 7192 0.525000
849 244 0.899500
852 2802 0.109100
853 682 0.634600
853 1029 0.080800
854 4973 0.411200
855 7540 0.712600
855 7681 0.100400
855 8483 0.809900
856 3722 0.637800
857 5419 0.898100
863 141 0.621800
866 4678 0.414600
867 8140 0.647600
869 2143 0.489300
869 2527 0.093800
870 1781 0.637300
870 7346 0.950300
874 7033 0.476400
875 4206 0.602800
876 7558 0.591500
877 7096 0.225300
878 8289 0.668400
879 2103 0.156600
879 2155 0.774300
882 2204 0.213100
883 8621 0.169100
884 1533 0.725800
885 3075 0.256200
885 5901 0.162800
888 3541 0.625800
888 4445 0.250700
890 1218 0.263000
890 4898 0.843900
893 8041 0.397400
893 9322 0.104600
894 777 0.193900
894 1748 0.363100
894 1947 0.874500
894 3739 0.599800
894 9183 0.258100
895 8724 0.358400
896 3094 0.887500
896 3825 0.900500
896 7283 0.448000
896 7953 0.268900
899 378 0.553800
902 5011 0.178800
902 8770 0.859700
903 1176 0.232000
903 3103 0.168100
906 6030 0.026700
908 1193 0.322400
909 2881 0.555200
909 3472 0.824500
909 6313 0.804200
910 6312 0.024400
911 8367 0.371500
911 9044 0.491900
914 1735 0.466100
917 2371 0.041700
917 3368 0.617000
918 5985 0.578000
919 1966 0.298800
919 4251 0.435700
920 3286 0.136600
920 8073 0.299700
922 4039 0.761400
922 8684 0.035300
924 4645 0.269500
928 4396 0.996300
932 4373 0.446900
933 286 0.152800
933 2925 0.886200
934 8740 0.031400
935 742 0.116000
936 8345 0.250900
937 3655 0.759700
938 5235 0.898300
940 8456 0.223400
941 5941 0.673300
941 6423 0.818800
943 4138 0.948900
943 5669 0.874300
944 2276 0.393700
945 5498 0.937000
945 5770 0.436900
945 8874 0.162500
946 2478 0.309800
947 2981 0.681100
948 5960 0.934100
950 4714 0.947400
952 9217 0.599100
953 1980 0.948900
954 173 0.404000
954 729 0.041000
954 1369 0.293800
954 1558 0.031900
958 1270 0.864500
960 8595 0.432500
962 8188 0.092800
962 8347 0.137800
965 1229 0.242000
966 2553 0.223000
966 2589 0.867700
966 4641 0.764200
966 5149 0.344700
967 899 0.384800
968 3592 0.594900
968 8509 0.535100
973 1105 0.333600
974 4335 0.854700
975 7898 0.265600
977 561 0.933900
978 47 0.389800
978 5179 0.683100
981 3460 0.275000
981 6248 0.028000
981 6762 0.940600
982 5666 0.534000
983 3619 0.671200
985 2688 0.607500
986 316 0.750900
989 6284 0.981300
989 6990 0.727700
989 9440 0.857300
990 1991 0.991800
990 2774 0.759500
991 3786 0.146000
992 6328 0.326300
993 4822 0.028800
994 7344 0.694600
995 1136 0.958800
995 3405 0.729000
999 849 0.736800
999 2241 0.174600
999 9450 0.355400
1010 8188 0.574600
1012 4611 0.459900
1013 1213 0.833700
1013 2402 0.815400
1016 3141 0.324000
1017 3363 0.461700
1017 5774 0.674000
1018 1263 0.595200
1018 3141 0.134400
1018 3817 0.019500
1018 9388 0.125100
1019 6591 0.223300
1021 6301 0.449100
1022 3199 0.534500
1025 4312 0.990400
1027 6199 0.717300
1028 8357 0.980100
1028 8670 0.053700
1029 3854 0.636900
1030 6144 0.960400
1030 7192 0.269900
1032 8680 0.949400
1033 8260 0.902200
1035 2855 0.194600
1035 4008 0.734000
1035 9213 0.174900
1038 384 0.105100
1038 3108 0.314100
1038 8277 0.348800
1039 2958 0.399000
1041 2613 0.283900
1041 5345 0.313900
1042 7401 0.718300
1042 7702 0.944600
1042 7926 0.087800
1044 3487 0.279500
1044 7286 0.596200
1047 1974 0.828400
1049 4843 0.782200
1050 1351 0.557200
1050 5759 0.036300
1060 14 0.669400
1060 873 0.849000
1062 892 0.065500
1062 2357 0.360800
1063 1083 0.258100
1063 4576 0.432600
1065 2575 0.306100
1066 1104 0.966600
1066 7405 0.129900
1066 8797 0.217400
1068 5536 0.893400
1068 6273 0.621700
1068 6882 0.398200
1069 3753 0.356100
1070 27 0.646600
1070 7790 0.733100
1072 284 0.731700
1072 2552 0.958200
1072 4174 0.046000
1073 8799 0.424400
1075 1248 0.009000
1075 1763 0.703800
1078 6141 0.780900
1080 6279 0.564800
1080 8639 0.023300
1081 3178 0.007600
1081 5074 0.989000
1082 5981 0.201600
1083 5132 0.823300
1087 4223 0.361000
1088 1909 0.461300
1088 8372 0.110000
1089 5987 0.781300
1089 6668 0.453400
1089 9340 0.297100
1090 1457 0.358400
1090 6898 0.482400
1093 5197 0.431200
1094 5682 0.698800
1095 3489 0.675100
1095 5111 0.006900
1095 7993 0.079000
1095 8882 0.460600
1096 3274 0.777500
1097 4710 0.816800
1098 1811 0.631400
1098 8631 0.364900
1099 2944 0.887500
1101 2510 0.250900
1103 4939 0.066100
1105 3331 0.727200
1105 8781 0.766800
1106 5787 0.898300
1108 1907 0.766800
1108 2475 0.946900
1108 5567 0.535700
1110 4823 0.959800
1117 2286 0.978200
1118 2513 0.522100
1119 4204 0.845400
1120 8361 0.898000
1120 9258 0.931200
1121 307 0.457600
1125 7865 0.759200
1126 9042 0.938800
1129 6139 0.810700
1130 2243 0.930400
1130 7805 0.447000
1131 6436 0.833900
1132 106 0.987800
1133 904 0.369600
1133 2033 0.170800
1136 1111 0.823200
1136 3336 0.587100
1138 4132 0.961600
1138 5641 0.489100
1138 9343 0.253500
1139 207 0.678200
1139 1369 0.914500
1140 4966 0.617100
1142 7400 0.322500
1143 6582 0.490500
1143 6957 0.407500
1144 1596 0.083900
1144 4959 0.592000
1146 6476 0.879000
1147 1572 0.553300
1148 4884 0.299500
1148 6549 0.897000
1149 7284 0.794300
1151 3194 0.775800
1151 6266 0.599000
1152 9061 0.557200
1153 1965 0.299700
1155 5309 0.547700
1156 753 0.991800
1156 6606 0.483400
1157 6207 0.684800
1158 2518 0.480000
1161 416 0.746500
1164 6633 0.211400
1165 1282 0.248500
1165 8842 0.097800
1166 574 0.708700
1166 1628 0.855700
1167 6208 0.789000
1168 5649 0.742800
1170 6182 0.104500
1171 727 0.520900
1171 3563 0.846600
1173 1372 0.843600
1173 1650 0.377700
1173 8002 0.272100
1174 6329 0.125300
1174 8429 0.691400
1175 297 0.555100
1176 3684 0.008500
1180 66 0.416000
1181 375 0.439100
1181 3190 0.784400
1182 1947 0.830000
1184 8972 0.589600
1184 9008 0.142100
1184 9143 0.593300
1186 5842 0.726200
1186 8834 0.428400
1187 2456 0.210800
1189 5021 0.265400
1195 8943 0.993200
1196 9421 0.480800
1197 1751 0.827800
1199 842 0.603200
1199 961 0.817800
1199 5016 0.955500
1199 6060 0.650400
1202 8384 0.627600
1202 8911 0.646600
1203 1940 0.062100
1204 1267 0.938200
1204 1344 0.898700
1205 3171 0.694900
1206 230 0.310400
1207 5344 0.343500
1208 728 0.076200
1208 9486 0.519800
1209 3343 0.608800
1209 3681 0.727200
1212 4912 0.000100
1212 6963 0.169800
1213 5019 0.463300
1213 9219 0.361900
1214 2337 0.952100
1214 4815 0.932200
1215 7890 0.958100
1216 4051 0.206500
1217 141 0.159700
1217 1459 0.571800
1217 6397 0.592900
1218 4726 0.698600
1218 7797 0.305800
1219 2429 0.393900
1220 2073 0.336900
1220 3093 0.129000
1220 3682 0.086900
1220 9232 0.548900
1222 2878 0.317700
1224 96 0.992700
1225 9109 0.723600
1227 6000 0.572100
1228 9354 0.717200
1230 4388 0.976600
1231 1125 0.427000
1232 1055 0.913000
1233 1303 0.897300
1233 3095 0.835200
1234 3012 0.048000
1235 3251 0.359300
1235 9431 0.295800
1237 7957 0.629100
1243 4408 0.136200
1243 6759 0.374000
1243 8444 0.864800
1244 538 0.250300
1244 722 0.029500
1244 898 0.999400
1244 8851 0.605100
1248 8280 0.244200
1250 760 0.438200
1250 8387 0.735100
1251 7578 0.558000
1251 8617 0.438300
1255 1574 0.603500
1255 5785 0.181000
1256 2580 0.808800
1257 1450 0.819100
1257 7645 0.487200
1259 7457 0.755100
1264 3859 0.404400
1264 9235 0.725700
1265 2727 0.154000
1266 6495 0.509100
1268 5340 0.668000
1268 6244 0.152600
1268 7979 0.062700
1268 9313 0.337100
1270 2819 0.445900
1271 1243 0.757600
1272 6716 0.130500
1273 8624 0.901500
1275 2800 0.220300
1275 4116 0.378600
1276 1132 0.422800
1276 1769 0.972700
1276 3122 0.177000
1277 4677 0.882300
1279 597 0.551300
1280 1582 0.321500
1281 3079 0.899800
1282 6032 0.542100
1282 7194 0.462900
1283 608 0.808000
1284 3170 0.360800
1286 4782 0.971000
1287 8501 0.555500
1288 1582 0.769800
1288 9000 0.680100
1289 4373 0.205200
1290 623 0.834600
1290 5197 0.865500
1290 7018 0.041500
1292 570 0.614200
1292 8514 0.273300
1294 2287 0.746700
1297 4190 0.487900
1299 2711 0.792400
1299 5571 0.524500
1299 5776 0.597500
1299 7214 0.220000
1299 8987 0.364000
1300 4935 0.297200
1301 1444 0.851600
1301 8555 0.973700
1302 8879 0.623600
1303 1495 0.892300
1303 1497 0.980900
1303 9131 0.647000
1304 629 0.798800
1305 2110 0.404900
1309 3646 0.482400
1310 3240 0.063900
1310 8855 0.802900
1311 6160 0.351100
1311 7095 0.849300
1312 648 0.991800
1312 871 0.484300
1312 7335 0.356400
1314 505 0.054400
1314 4820 0.914100
1314 8789 0.705000
1315 4528 0.438100
1318 4845 0.968100
1319 7833 0.723800
1319 8918 0.656800
1323 62 0.514800
1324 966 0.877100
1326 2937 0.060200
1326 6958 0.471500
1326 8017 0.311000
1330 583 0.194700
1331 3592 0.151000
1332 3935 0.901400
1335 5419 0.070700
1338 7242 0.958400
1340 1146 0.699900
1340 1155 0.012000
1340 1525 0.004900
1340 3075 0.853300
1340 4856 0.467300
1342 4632 0.836700
1342 4771 0.220600
1343 3788 0.806000
1345 2752 0.248600
1345 3076 0.998300
1345 5508 0.937900
1345 6504 0.554000
1345 6813 0.912700
1345 7876 0.635500
1349 512 0.780100
1349 956 0.567200
1350 6232 0.191800
1351 4303 0.906200
1351 7506 0.514900
1354 2094 0.999000
1357 5101 0.377300
1357 7585 0.206100
1364 534 0.729900
1366 5614 0.313400
1369 4849 0.117600
1372 361 0.888600
1372 861 0.693100
1374 5867 0.939900
1375 776 0.417200
1375 3396 0.815800
1376 9076 0.804800
1377 8347 0.360400
1380 4254 0.913800
1381 879 0.288300
1384 7812 0.165000
1384 8262 0.455900
1387 5627 0.242800
1388 679 0.001900
1391 6055 0.615300
1391 6739 0.661200
1391 8818 0.660300
1392 8420 0.680500
1393 979 0.850600
1393 1112 0.037300
1394 5018 0.680800
1394 5417 0.571100
1394 7616 0.690200
1395 2562 0.895600
1396 3907 0.266900
1396 4213 0.068600
1399 3750 0.313600
1401 7644 0.789200
1403 1581 0.498300
1403 5898 0.437000
1405 7443 0.168400
1407 654 0.264600
1407 4269 0.683900
1408 9382 0.816600
1409 3733 0.705500
1409 7563 0.576500
1411 2729 0.994100
1413 433 0.461200
1414 337 0.493400
1414 1159 0.274000
1415 8856 0.655100
1416 4869 0.407100
1416 6870 0.300000
1417 6312 0.605400
1417 8197 0.791200
1419 4003 0.970900
1419 4637 0.773400
1421 1109 0.600000
1422 8284 0.449100
1424 5493 0.153500
1424 7146 0.211200
1425 8213 0.700300
1427 7451 0.956200
1429 2206 0.635500
1429 7087 0.891300
1430 5619 0.216300
1432 4172 0.683500
1432 7217 0.315100
1433 5157 0.025400
1434 2602 0.820200
1435 2600 0.432700
1435 8916 0.088700
1436 4409 0.935100
1437 1389 0.390800
1437 7533 0.587900
1438 5689 0.239800
1439 1312 0.653600
1439 6803 0.366500
1440 9007 0.481200
1442 4489 0.401700
1445 2713 0.333800
1445 8690 0.267600
1447 276 0.767800
1448 2257 0.240400
1448 4283 0.961300
1450 5770 0.923600
1450 8426 0.274200
1451 4780 0.223300
1452 1755 0.252100
1452 4773 0.247000
1452 4785 0.239600
1454 1442 0.428300
1454 2772 0.825900
1457 267 0.617200
1457 1286 0.193900
1457 2334 0.808100
1459 5842 0.985600
1459 7205 0.148600
1459 7392 0.853000
1464 2783 0.238600
1466 5612 0.416900
1466 8985 0.322400
1467 3642 0.434000
1469 2641 0.327400
1469 5373 0.099000
1470 5051 0.671200
1470 8702 0.049400
1471 4719 0.201000
1475 7059 0.499100
1477 539 0.275400
1477 7229 0.419600
1477 9186 0.597000
1481 1014 0.049100
1482 2025 0.886700
1483 2832 0.858300
1486 2482 0.085100
1486 4145 0.177400
1487 483 0.013400
1487 6819 0.590000
1487 7507 0.707900
1488 3373 0.758900
1490 602 0.214000
1490 3587 0.966200
1491 240 0.484400
1491 2175 0.062500
1491 7843 0.178500
1492 2386 0.338300
1494 1318 0.880500
1494 6889 0.042700
1495 682 0.355400
1496 3936 0.640700
1497 5767 0.827900
1499 6023 0.044600
1499 6138 0.790800
1500 3312 0.051200
1500 8378 0.296400
1500 9375 0.272100
1504 3157 0.913500
1504 4450 0.605500
1506 243 0.502200
1506 4032 0.736600
1506 9039 0.112100
1507 1241 0.884500
1508 2319 0.529600
1509 4530 0.005500
1518 992 0.162900
1519 6459 0.262300
1521 2658 0.038900
1521 7920 0.682100
1522 8436 0.028200
1522 9335 0.499900
1525 885 0.480700
1531 621 0.278500
1532 6821 0.590500
1535 9395 0.287400
1536 903 0.919900
1538 451 0.006100
1539 7774 0.564500
1540 7079 0.368700
1540 8153 0.371400
1544 5650 0.021200
1544 8699 0.687300
1545 7 0.554600
1545 3518 0.765400
1546 426 0.791300
1547 8471 0.246600
1552 2172 0.199800
1552 7196 0.366900
1553 3705 0.719600
1554 6240 0.125400
1555 5760 0.429900
1555 5819 0.016400
1556 1715 0.071000
1557 9443 0.710300
1558 6045 0.802900
1559 104 0.910200
1559 5104 0.912100
1559 9412 0.629500
1561 2164 0.131500
1562 4167 0.062100
1563 8965 0.777500
1567 5722 0.742100
1569 4228 0.625900
1570 1439 0.729100
1573 1995 0.203000
1573 4175 0.795000
1579 1478 0.974600
1580 6647 0.420100
1581 2768 0.245700
1582 723 0.480100
1582 9200 0.669000
1585 6462 0.852400
1587 2662 0.945300
1587 2672 0.128700
1587 6245 0.696600
1589 5721 0.080100
1589 8478 0.103600
1590 2105 0.131200
1590 5674 0.515100
1590 7766 0.481800
1591 5013 0.445900
1592 3881 0.798200
1593 194 0.528900
1593 8712 0.668800
1595 7213 0.483300
1596 1965 0.332700
1596 2692 0.258800
1597 2375 0.973700
1601 28 0.264400
1601 1816 0.789900
1601 4102 0.497100
1602 707 0.320800
1604 4666 0.616300
1604 8859 0.006900
1605 6034 0.062900
1605 7062 0.920000
1607 5869 0.906200
1609 488 0.831500
1612 4350 0.913700
1612 8822 0.679200
1612 8970 0.777100
1615 1425 0.693700
1617 2607 0.198900
1620 7516 0.452400
1621 8942 0.788900
1622 750 0.001900
1624 2197 0.555600
1625 8038 0.433200
1626 6018 0.058400
1628 4939 0.442000
1629 258 0.839600
1629 5388 0.618300
1629 8334 0.741600
1630 1762 0.935600
1630 3905 0.325300
1630 4023 0.746000
1631 8871 0.872900
1631 9216 0.433300
1632 7280 0.521600
1633 4495 0.652700
1634 1757 0.469000
1635 6379 0.183300
1637 8055 0.226000
1638 203 0.412000
1639 2193 0.015300
1640 8386 0.750700
1642 7139 0.062100
1643 57 0.431700
1644 6716 0.542800
1645 3648 0.610100
1647 8452 0.436200
1648 354 0.081100
1649 1133 0.284000
1649 1770 0.073200
1651 9052 0.730000
1652 5831 0.346400
1653 4969 0.652200
1654 2846 0.481800
1654 4280 0.382600
1654 9431 0.326900
1656 2566 0.103000
1658 4898 0.370400
1659 2937 0.377400
1659 2987 0.481800
1659 9278 0.795600
1660 1442 0.691400
1660 9465 0.849800
1662 179 0.512300
1664 1357 0.855000
1666 4411 0.465400
1667 1826 0.264800
1667 2774 0.629500
1668 8801 0.562700
1670 9395 0.541200
1671 4461 0.393300
1673 291 0.420500
1676 3927 0.137100
1676 6182 0.292200
1677 6130 0.007300
1679 2749 0.932700
1679 6062 0.609300
1679 8736 0.891800
1682 6405 0.420800
1683 5488 0.400200
1685 2246 0.553900
1687 709 0.596300
1688 5413 0.506300
1688 9219 0.587200
1689 1221 0.132800
1689 5848 0.761600
1689 8070 0.651100
1690 6565 0.351100
1690 7083 0.312600
1690 7807 0.274300
1690 8907 0.149500
1692 532 0.334300
1693 2176 0.833000
1694 1474 0.233600
1694 4123 0.069200
1695 4612 0.494700
1697 3224 0.122200
1698 3593 0.402600
1698 4942 0.091200
1699 4231 0.720500
1700 4388 0.342300
1701 8420 0.566300
1702 7152 0.654500
1705 3062 0.652500
1705 4112 0.700900
1706 4945 0.301100
1708 5219 0.085500
1708 5930 0.633400
1708 8011 0.266400
1710 3731 0.894300
1711 8498 0.300300
1712 3414 0.715100
1713 938 0.330400
1713 3814 0.364900
1714 4297 0.592300
1714 6808 0.905200
1715 5003 0.264500
1716 2871 0.949800
1716 8445 0.738700
1719 794 0.004500
1722 7808 0.850700
1726 1256 0.695600
1730 5587 0.562400
1731 6489 0.337700
1731 9048 0.332800
1732 3783 0.077300
1732 8497 0.458300
1733 1351 0.657200
1733 3172 0.572000
1734 4053 0.402100
1735 1778 0.934700
1736 2804 0.360500
1737 3797 0.947700
1737 6182 0.030100
1738 5479 0.441100
1739 2242 0.700700
1739 7678 0.703000
1740 2200 0.510200
1742 2372 0.612200
1743 723 0.746400
1746 6966 0.801400
1749 86 0.336700
1749 8350 0.564100
1750 7531 0.855300
1751 5066 0.589200
1751 6395 0.508200
1753 6947 0.853400
1753 8192 0.683800
1754 774 0.106300
1754 3783 0.502000
1755 6263 0.019200
1758 2860 0.442600
1762 235 0.907200
1765 1151 0.044700
1765 6188 0.945200
1768 8040 0.180400
1769 2989 0.369900
1770 5294 0.205200
1770 7811 0.095600
1772 382 0.432700
1772 8572 0.277600
1772 8735 0.100900
1772 9369 0.498900
1773 610 0.239000
1773 2595 0.349600
1775 5364 0.558300
1775 6280 0.548100
1777 3722 0.421300
1779 7045 0.385500
1779 7583 0.380700
1781 802 0.280700
1782 2728 0.179900
1782 9056 0.127300
1783 453 0.015700
1783 7108 0.753100
1784 85 0.505000
1790 6581 0.722100
1790 8414 0.761100
1791 3756 0.268900
1792 1087 0.193600
1796 598 0.064100
1796 2876 0.425400
1797 1769 0.702100
1798 3767 0.977300
1798 8884 0.551600
1800 6240 0.043800
1801 6704 0.582100
1802 2323 0.278400
1802 5379 0.542200
1803 1900 0.443300
1804 8595 0.117200
1805 765 0.379900
1805 1891 0.764800
1805 5907 0.918400
1806 6549 0.692700
1809 327 0.970600
1809 846 0.126200
1811 7302 0.646400
1812 5769 0.386800
1812 6850 0.562300
1816 4894 0.198400
1819 3324 0.393900
1821 564 0.340200
1822 4167 0.356500
1822 8656 0.373000
1825 5618 0.115400
1829 1714 0.501200
1830 3110 0.816900
1830 5015 0.343500
1832 1641 0.498500
1833 1157 0.118000
1834 3420 0.575500
1835 7032 0.515500
1836 1532 0.355300
1837 3471 0.863300
1838 640 0.344000
1839 6627 0.456900
1841 5435 0.238100
1841 9466 0.771200
1842 3677 0.273400
1842 4052 0.525000
1843 6344 0.531100
1844 8953 0.873400
1845 5259 0.937600
1845 7289 0.048700
1845 8077 0.978800
1846 2282 0.632300
1850 5006 0.072600
1851 1523 0.211800
1852 8440 0.359900
1854 2596 0.426700
1856 7905 0.758100
1858 6035 0.915800
1861 3526 0.629700
1862 1653 0.955900
1862 8594 0.755100
1865 4717 0.526100
1867 2989 0.850100
1867 4036 0.816000
1867 9163 0.132100
1869 7344 0.760700
1870 9296 0.617200
1871 7868 0.397600
1873 1548 0.841300
1873 5850 0.038300
1875 2897 0.096200
1875 8837 0.948100
1876 717 0.396000
1876 3767 0.532300
1877 2119 0.903600
1878 5031 0.340000
1878 8457 0.663900
1880 8813 0.727400
1881 6886 0.223000
1882 5750 0.555500
1882 7820 0.455200
1883 1859 0.610300
1883 8597 0.544000
1885 8196 0.518400
1886 8902 0.286000
1887 1828 0.879000
1887 1876 0.936500
1887 3386 0.806200
1890 916 0.969100
1890 4943 0.524200
1893 4578 0.112900
1893 7716 0.650200
1894 6322 0.190900
1896 7823 0.856900
1897 3512 0.942900
1898 395 0.103400
1898 2096 0.296400
1899 2860 0.799000
1900 5717 0.441700
1900 9463 0.492500
1902 2986 0.029500
1902 3202 0.572600
1903 2950 0.572500
1903 3263 0.741700
1904 1595 0.076600
1904 4701 0.787200
1906 2920 0.193500
1906 4612 0.530900
1906 6358 0.924100
1907 1911 0.986100
1907 8715 0.975300
1908 820 0.304800
1910 5096 0.753600
1912 5732 0.206400
1912 8633 0.861400
1913 275 0.657800
1914 2204 0.102200
1914 3259 0.580500
1914 9399 0.963500
1915 9220 0.844900
1916 4025 0.753100
1916 5735 0.703000
1916 8656 0.246600
1916 9336 0.039900
1919 5632 0.462100
1919 5832 0.117400
1919 9176 0.161600
1921 6892 0.419800
1922 6148 0.666100
1922 7200 0.973200
1923 2896 0.279700
1924 6846 0.531400
1924 9208 0.930700
1925 7585 0.166700
1925 7871 0.789200
1926 56 0.103000
1930 5478 0.883600
1931 5908 0.522200
1932 1785 0.974100
1933 639 0.756100
1936 2809 0.722600
1939 7058 0.002600
1941 3549 0.205600
1941 6815 0.260400
1943 4779 0.080000
1944 940 0.735300
1945 5079 0.822700
1945 5713 0.343400
1946 8900 0.136100
1947 1720 0.665900
1948 7728 0.830400
1949 1586 0.673600
1949 4793 0.139500
1950 2616 0.378800
1950 5839 0.678400
1950 8168 0.515900
1952 1691 0.978100
1953 2092 0.267700
1953 4200 0.866900
1953 7571 0.373800
1954 5133 0.136600
1954 9192 0.082700
1955 4030 0.738800
1955 9068 0.372100
1961 8560 0.380500
1963 7253 0.302200
1965 5729 0.294500
1967 1349 0.259800
1967 1417 0.463500
1967 5252 0.987900
1969 3073 0.385100
1969 7598 0.943200
1970 9073 0.167000
1972 3600 0.925000
1973 456 0.754300
1973 2256 0.856600
1976 1225 0.602400
1977 7518 0.107400
1978 1209 0.455500
1979 275 0.654600
1979 4819 0.057500
1979 7027 0.021300
1980 5283 0.289800
1980 8559 0.931500
1981 8511 0.514000
1982 6719 0.875300
1982 8486 0.378100
1983 3012 0.884500
1983 3964 0.534800
1985 1898 0.892600
1986 3860 0.102800
1986 4908 0.212000
1989 7783 0.701600
1990 1080 0.361400
1990 2227 0.001400
1990 5943 0.384300
1991 3447 0.320100
1992 2589 0.393300
1992 4355 0.181300
1992 9473 0.209400
1994 1252 0.593700
1994 6326 0.594500
1994 7899 0.172500
1995 746 0.933000
1995 5686 0.056200
1995 6191 0.201700
1995 6664 0.508300
1995 7274 0.759200
1995 7480 0.146100
1996 3199 0.931100
1996 4782 0.421900
1998 9237 0.056500
2000 6203 0.674200
2001 5117 0.279800
2004 1772 0.780100
2004 8980 0.962800
2006 161 0.688200
2006 9443 0.498400
2007 6063 0.099000
2008 3141 0.287800
2009 4962 0.538100
2009 5303 0.011300
2010 1778 0.282800
2010 6707 0.589600
2011 2744 0.172000
2011 2781 0.170100
2011 7690 0.676300
2011 9230 0.569600
2012 770 0.551700
2012 4134 0.967400
2012 7630 0.628400
2014 3620 0.324500
2014 8255 0.521000
2017 6468 0.864900
2017 8323 0.994100
2018 7641 0.838500
2019 2921 0.347400
2019 3367 0.749400
2019 4367 0.939400
2019 8213 0.668100
2021 2544 0.481200
2021 3587 0.286200
2022 7481 0.595200
2024 3663 0.336400
2026 1824 0.959600
2027 8564 0.442100
2028 1886 0.962000
2029 7727 0.676400
2030 4610 0.706100
2031 6700 0.957700
2031 8679 0.939900
2032 8206 0.833800
2032 8567 0.155200
2033 1815 0.830400
2033 8544 0.464100
2034 263 0.298700
2034 5322 0.523300
2036 179 0.831600
2036 2374 0.539100
2037 3700 0.259800
2037 5937 0.354000
2038 2243 0.186700
2038 6396 0.350700
2038 6882 0.189700
2038 8811 0.835700
2040 7203 0.384200
2040 8611 0.009500
2043 7454 0.309000
2044 7854 0.836700
2047 397 0.281300
2049 5036 0.781300
2052 3788 0.531500
2053 2742 0.153900
2054 6336 0.525300
2055 6459 0.283200
2056 2879 0.714900
2056 7366 0.734400
2057 4586 0.449600
2057 4989 0.182100
2058 7372 0.135500
2061 6196 0.272800
2064 9228 0.635600
2065 9042 0.806200
2066 6614 0.667900
2067 2223 0.286600
2068 2468 0.142400
2069 4377 0.245900
2069 6318 0.691900
2072 7543 0.071700
2072 7963 0.498700
2075 9069 0.986000
2080 3734 0.904900
2081 1044 0.575200
2083 3686 0.766500
2084 3170 0.746800
2084 9005 0.695300
2085 3537 0.677300
2085 5844 0.282400
2086 6739 0.581900
2088 4518 0.618900
2090 7527 0.814200
2093 8009 0.016000
2094 467 0.214400
2094 1061 0.987900
2095 2144 0.817300
2096 4109 0.632100
2097 3762 0.682100
2099 8743 0.808200
2102 3102 0.279700
2102 4382 0.665000
2103 9234 0.029300
2105 2230 0.544400
2105 3907 0.529000
2105 7192 0.873200
2108 137 0.187600
2108 5611 0.931500
2112 4454 0.976400
2113 548 0.331200
2114 2539 0.623700
2114 5416 0.527100
2115 2314 0.459100
2117 2071 0.358600
2120 4469 0.334300
2120 5662 0.083200
2121 1278 0.390400
2121 2940 0.239300
2121 4878 0.486300
2121 6822 0.700100
2121 7663 0.137300
2121 9150 0.826500
2122 3598 0.930100
2124 532 0.828700
2126 4014 0.485000
2127 6825 0.659800
2127 8197 0.456400
2128 5274 0.418500
2130 7758 0.034300
2132 365 0.926800
2132 6903 0.043400
2134 2831 0.476100
2134 3021 0.385700
2135 7260 0.534100
2135 8719 0.998200
2136 5304 0.902500
2138 7907 0.014800
2139 3106 0.780500
2141 6041 0.485300
2144 854 0.390200
2146 1811 0.823100
2146 2398 0.874400
2146 6283 0.998400
2146 8567 0.195700
2147 1273 0.870000
2148 1662 0.307500
2149 80 0.411200
2149 521 0.816300
2150 4149 0.368300
2150 8475 0.426200
2151 5794 0.091200
2151 7856 0.667500
2151 7885 0.731300
2152 3450 0.300800
2152 4525 0.338000
2152 8483 0.734300
2156 5429 0.985500
2157 1073 0.698800
2157 2656 0.089900
2157 6344 0.470700
2157 6913 0.635400
2158 410 0.525300
2158 5369 0.141300
2159 4954 0.275500
2161 2439 0.987100
2161 5180 0.795000
2161 8433 0.933300
2162 2397 0.348400
2162 5599 0.209100
2163 834 0.680400
2163 5243 0.355400
2166 5737 0.438400
2166 6220 0.908800
2166 6364 0.833600
2166 7370 0.391400
2167 4162 0.734000
2167 5171 0.290700
2175 2590 0.292100
2175 5194 0.296800
2175 5232 0.024800
2176 7308 0.917800
2178 2359 0.686000
2179 7847 0.234300
2180 1375 0.497400
2181 2620 0.790600
2182 1104 0.380200
2182 9382 0.218600
2183 5758 0.722700
2183 7425 0.772800
2184 5328 0.693300
2185 8282 0.619700
2187 5872 0.762300
2188 6661 0.511500
2189 213 0.329400
2189 3800 0.001300
2189 3898 0.580600
2189 7444 0.171800
2192 2853 0.194900
2193 3581 0.150300
2193 6461 0.505400
2194 3141 0.017400
2194 8559 0.471200
2195 969 0.046100
2195 5311 0.442300
2195 5348 0.163600
2199 8524 0.572100
2200 2354 0.818300
2200 4158 0.085300
2200 6713 0.232800
2203 4028 0.246000
2204 184 0.351900
2204 8522 0.409100
2207 3046 0.114200
2208 1419 0.407200
2211 2732 0.675900
2211 4456 0.543000
2212 3578 0.357100
2212 5784 0.661600
2212 8393 0.678700
2213 3139 0.131600
2213 5180 0.439600
2213 6742 0.937200
2214 3929 0.570200
2214 4808 0.577600
2215 3549 0.764600
2215 7095 0.247000
2219 1689 0.693900
2219 6962 0.294900
2219 9324 0.570700
2221 2675 0.634800
2222 2146 0.398900
2225 8004 0.248900
2227 697 0.935300
2228 3942 0.448900
2228 7193 0.531800
2230 2746 0.634800
2231 7114 0.668100
2232 3067 0.439000
2233 1730 0.173000
2233 5640 0.694400
2234 822 0.924900
2235 9135 0.370600
2236 6889 0.638800
2239 7191 0.889700
2240 2373 0.482900
2241 5882 0.629800
2241 9209 0.465000
2242 6137 0.109200
2247 5623 0.113100
2247 9134 0.107900
2250 9206 0.445700
2251 2294 0.938800
2251 2344 0.633800
2251 6832 0.929700
2252 6460 0.062900
2253 7063 0.306900
2254 69 0.949800
2254 3548 0.010400
2254 6264 0.167800
2255 806 0.755300
2256 2390 0.833800
2256 4319 0.605900
2258 290 0.517900
2258 5138 0.942900
2259 2989 0.741200
2259 7167 0.701100
2260 8836 0.744700
2261 6236 0.873800
2262 9347 0.964100
2264 4447 0.981900
2264 5955 0.918600
2265 4477 0.283500
2266 8489 0.058600
2268 8081 0.821000
2269 2976 0.179500
2270 7581 0.034900
2271 2202 0.771300
2272 8032 0.540500
2273 2774 0.331500
2273 5424 0.578200
2274 7517 0.854500
2279 6919 0.642400
2280 6338 0.420100
2281 5577 0.545900
2281 6886 0.182300
2282 2599 0.236300
2282 2853 0.205400
2282 6564 0.259700
2286 7603 0.942600
2287 2181 0.641600
2288 98 0.829100
2289 9033 0.388800
2293 6546 0.168400
2294 2678 0.740100
2294 4990 0.872800
2294 7354 0.355500
2296 8731 0.178800
2298 4268 0.996400
2299 6639 0.959100
2302 1303 0.156000
2303 6062 0.928900
2303 8427 0.424600
2304 7656 0.223100
2305 2240 0.136400
2306 2254 0.260200
2308 1632 0.544500
2310 5863 0.082200
2312 1273 0.598100
2313 8209 0.029200
2316 7250 0.454900
2316 9041 0.332500
2317 7937 0.943700
2318 6271 0.303100
2319 7854 0.428200
2323 1389 0.661000
2323 3869 0.381100
2323 4742 0.136200
2324 1799 0.096600
2324 8642 0.305200
2327 4190 0.823900
2328 9482 0.627300
2329 714 0.205900
2331 318 0.980200
2331 4462 0.437800
2331 6826 0.835200
2332 2074 0.539200
2333 6536 0.025100
2335 1628 0.006800
2336 5162 0.786100
2337 1983 0.447400
2337 7559 0.288700
2338 5664 0.863200
2339 1355 0.656200
2341 773 0.284700
2342 5183 0.644600
2344 1837 0.263600
2345 4044 0.174800
2345 4633 0.368600
2346 2616 0.537500
2346 2849 0.926400
2346 6771 0.749100
2348 4979 0.147700
2353 5879 0.002900
2353 8692 0.127000
2354 2847 0.916900
2354 5132 0.672100
2355 1199 0.113800
2355 6356 0.960200
2356 3893 0.119400
2357 4544 0.492400
2360 8326 0.361300
2361 662 0.470000
2361 1215 0.058800
2362 1525 0.330000
2365 4306 0.264500
2366 6968 0.245900
2367 2529 0.947700
2368 7979 0.032400
2368 8280 0.906200
2369 7702 0.368500
2369 9410 0.662500
2371 2355 0.953600
2376 2470 0.094100
2376 5470 0.685300
2377 1964 0.412400
2377 3133 0.111800
2378 1034 0.491800
2379 7266 0.461600
2380 3409 0.877100
2382 2079 0.660200
2382 3572 0.278000
2387 5290 0.657200
2387 8263 0.645400
2392 1428 0.897200
2392 7505 0.882300
2392 7986 0.335200
2394 7570 0.427000
2395 4230 0.803800
2397 3351 0.923100
2397 6042 0.866700
2397 6968 0.499700
2397 7669 0.584500
2397 7885 0.924800
2398 5251 0.166100
2399 3419 0.374400
2399 4983 0.259400
2401 8871 0.830500
2404 1355 0.070200
2404 2651 0.281000
2404 3995 0.555000
2404 9435 0.619000
2405 2185 0.409800
2408 7006 0.258400
2410 7503 0.416700
2411 1759 0.382100
2411 7454 0.096300
2412 3936 0.131300
2413 7483 0.609900
2413 8885 0.656200
2416 89 0.841000
2418 3703 0.499800
2420 5240 0.307200
2421 4882 0.169800
2422 5960 0.048800
2422 9485 0.225800
2424 6802 0.367000
2426 5186 0.567800
2426 7228 0.569700
2426 7423 0.778800
2428 2343 0.590200
2433 4341 0.110700
2433 7034 0.640700
2434 6424 0.072000
2437 409 0.365800
2438 5166 0.287300
2439 918 0.741400
2439 2470 0.067000
2441 1263 0.757200
2442 7943 0.240700
2443 6355 0.230900
2444 67 0.012000
2444 1942 0.132500
2444 7861 0.209400
2444 9182 0.214200
2445 607 0.905800
2445 2699 0.277800
2446 1546 0.097100
2447 5651 0.782800
2447 9001 0.667500
2448 2850 0.612700
2448 2909 0.343800
2448 4013 0.690300
2448 6895 0.233600
2448 7188 0.308000
2449 99 0.357300
2449 3075 0.216700
2449 8231 0.677300
2451 1779 0.736000
2452 1603 0.010000
2453 6145 0.355900
2454 9058 0.240000
2455 82 0.927600
2455 788 0.763000
2459 3856 0.379400
2460 5807 0.686000
2461 4181 0.698900
2461 5142 0.590400
2463 2030 0.962100
2463 8820 0.781300
2464 293 0.538400
2464 5997 0.094100
2466 3053 0.886000
2469 3229 0.257500
2469 7295 0.463500
2470 34 0.330800
2472 6405 0.756800
2475 1653 0.802800
2475 5993 0.803100
2475 7997 0.876600
2477 5398 0.087500
2477 8800 0.667900
2478 9496 0.502400
2480 2277 0.335600
2481 8799 0.588600
2482 2076 0.351900
2482 4730 0.206700
2483 3796 0.262200
2483 4776 0.098600
2483 7815 0.150100
2486 7858 0.321000
2487 962 0.594400
2487 8837 0.153700
2489 1041 0.062600
2489 2521 0.007800
2489 4461 0.774300
2489 5640 0.682000
2490 1131 0.120500
2490 1320 0.719300
2490 8395 0.161900
2491 133 0.120200
2491 530 0.681200
2491 2648 0.144800
2492 1009 0.057800
2493 1304 0.134900
2493 2260 0.014800
2495 4340 0.189100
2497 7424 0.070900
2497 9014 0.037900
2498 7687 0.307900
2498 8092 0.515700
2500 7906 0.393500
2501 2840 0.995200
2501 3849 0.439600
2502 2984 0.151400
2502 3601 0.778100
2502 4154 0.741200
2502 5039 0.087600
2504 4390 0.470400
2505 5926 0.292800
2506 6729 0.406900
2507 5214 0.430200
2508 4591 0.871300
2508 6379 0.707300
2509 3424 0.014300
2511 6464 0.024600
2513 1089 0.237000
2517 2138 0.598300
2518 3882 0.926200
2519 2806 0.334400
2519 9214 0.443000
2520 174 0.099100
2521 6842 0.715200
2521 7173 0.721600
2522 3072 0.782500
2523 6405 0.942000
2524 3747 0.047600
2525 7411 0.800400
2525 9131 0.466800
2526 1608 0.279100
2527 4858 0.044700
2528 3605 0.787600
2528 4733 0.899100
2529 6243 0.775700
2529 9028 0.837500
2533 4341 0.344400
2533 6451 0.191200
2533 6852 0.378400
2534 3239 0.256300
2537 7425 0.021500
2538 460 0.293300
2538 7017 0.240400
2539 2559 0.202600
2539 6069 0.348200
2542 5798 0.537100
2543 4403 0.124300
2545 5425 0.192700
2549 1988 0.488600
2549 6980 0.407000
2549 7367 0.734900
2550 3568 0.299900
2550 5701 0.807100
2550 6403 0.913700
2553 2837 0.765100
2553 6664 0.334200
2555 1031 0.719300
2555 5307 0.033600
2555 5369 0.615600
2555 9051 0.112200
2557 3291 0.050600
2557 4384 0.055200
2557 6103 0.026200
2559 1279 0.955400
2559 1644 0.525200
2560 7213 0.756300
2563 1944 0.589800
2566 7137 0.738900
2566 7540 0.319400
2566 8110 0.848100
2567 8154 0.493600
2567 9087 0.114800
2568 1055 0.812300
2569 977 0.666800
2571 2380 0.381800
2572 4385 0.718800
2576 4659 0.418600
2576 8577 0.055900
2577 3649 0.585000
2578 3315 0.298800
2578 9407 0.409600
2581 6552 0.586100
2582 2753 0.315600
2582 7638 0.147400
2583 6908 0.991500
2584 870 0.107500
2584 2659 0.334300
2584 3237 0.038000
2584 7028 0.922400
2586 2 0.373100
2586 2067 0.989200
2587 8102 0.543500
2589 5375 0.563300
2589 8089 0.187900
2590 7283 0.215500
2592 5750 0.485300
2598 4871 0.219500
2599 4849 0.936900
2599 9132 0.277600
2600 3767 0.953100
2600 7985 0.814900
2600 8969 0.349600
2602 5705 0.021600
2604 254 0.341000
2605 1422 0.384400
2605 4532 0.093300
2606 1615 0.969300
2607 7304 0.190000
2608 7115 0.164600
2609 8955 0.507000
2611 795 0.508200
2611 5187 0.051500
2611 8969 0.367000
2612 2663 0.584800
2614 2623 0.994800
2615 5362 0.435100
2616 2067 0.696000
2616 6569 0.016500
2617 891 0.152500
2618 235 0.899500
2618 5583 0.046400
2619 7939 0.029300
2620 859 0.574400
2623 392 0.340400
2623 2722 0.219300
2625 2142 0.904000
2625 4572 0.683100
2627 5393 0.371600
2630 2270 0.401100
2634 4277 0.205000
2634 7303 0.237700
2635 3714 0.884400
2635 5267 0.921200
2637 6286 0.781600
2638 5897 0.241900
2639 1665 0.583600
2639 7455 0.201900
2642 4721 0.127100
2642 4962 0.687700
2643 5394 0.910700
2644 1498 0.750900
2646 5323 0.822900
2646 8193 0.225100
2648 2710 0.386700
2650 1758 0.418700
2651 1788 0.935800
2652 427 0.105600
2652 8435 0.531300
2653 2294 0.621200
2653 4961 0.280300
2653 7872 0.197800
2654 885 0.408400
2654 3277 0.362600
2654 5854 0.161900
2655 7102 0.893500
2655 8592 0.440500
2655 8671 0.670300
2656 245 0.210400
2656 2579 0.471100
2656 5983 0.049900
2656 7277 0.495900
2658 5856 0.269700
2658 6754 0.684200
2658 7906 0.748000
2659 8148 0.391600
2661 853 0.558800
2661 1607 0.732200
2661 5956 0.611600
2662 606 0.581200
2663 3965 0.070600
2663 6390 0.374200
2664 849 0.033600
2664 7919 0.406100
2665 6928 0.658000
2668 4507 0.575200
2669 7018 0.976000
2670 1049 0.441600
2670 2627 0.777800
2670 3091 0.569500
2670 3110 0.021100
2670 4044 0.512300
2671 4277 0.407600
2672 6855 0.219800
2674 4195 0.230500
2675 4244 0.438500
2675 6289 0.919900
2676 1474 0.319000
2677 3871 0.284300
2678 6744 0.363800
2679 5698 0.499300
2682 698 0.813500
2683 7541 0.234800
2689 5588 0.022300
2691 138 0.301100
2691 5939 0.298100
2692 3102 0.825900
2692 9063 0.136400
2693 5613 0.814600
2693 5922 0.861100
2695 276 0.552900
2696 870 0.018500
2699 2732 0.507800
2699 4852 0.713600
2699 6941 0.697700
2700 4154 0.893500
2701 1145 0.701200
2701 1188 0.937300
2701 5390 0.010900
2702 847 0.819700
2703 6659 0.034300
2704 4529 0.516200
2704 6328 0.653300
2706 7891 0.754100
2707 6435 0.280000
2713 85 0.603100
2713 7840 0.888800
2714 59 0.643200
2714 6133 0.786100
2715 1582 0.491100
2715 2539 0.403500
2716 3115 0.877400
2716 3289 0.708200
2716 7562 0.826500
2718 146 0.010700
2718 7028 0.095600
2719 6953 0.543300
2722 773 0.856200
2722 6106 0.264400
2723 2466 0.775500
2723 9440 0.637900
2724 4070 0.725100
2725 6670 0.894600
2726 425 0.768000
2726 898 0.206800
2729 1840 0.043300
2731 6690 0.153600
2732 317 0.718300
2732 4762 0.128600
2732 6105 0.220800
2732 7129 0.453600
2732 7396 0.465300
2732 9482 0.089800
2734 2199 0.506700
2734 4892 0.076500
2734 7079 0.166500
2735 1011 0.747700
2736 1727 0.334600
2736 8353 0.305100
2739 1673 0.818900
2740 7375 0.982000
2740 8594 0.969000
2741 7364 0.576600
2742 7503 0.233500
2742 9171 0.292100
2743 2768 0.673800
2745 2662 0.573700
2746 2676 0.199700
2747 3566 0.958200
2748 6962 0.336200
2749 1262 0.149700
2749 1659 0.328400
2750 671 0.113100
2751 631 0.771900
2752 1731 0.792600
2752 6912 0.587100
2754 7460 0.079200
2755 3097 0.192900
2758 7284 0.775400
2758 8704 0.353400
2759 8204 0.838900
2760 2540 0.133900
2761 737 0.698100
2761 6329 0.190300
2761 7453 0.396800
2762 4867 0.338900
2763 3591 0.922700
2767 3914 0.838400
2767 7585 0.629500
2769 5877 0.865500
2771 2134 0.216300
2774 852 0.064900
2776 5597 0.678000
2777 6397 0.535100
2778 4857 0.517300
2782 5728 0.255700
2783 3168 0.852800
2783 4392 0.823200
2784 3353 0.016600
2784 4894 0.474700
2785 6684 0.944100
2786 2970 0.458600
2786 9149 0.850000
2788 7461 0.535600
2790 2779 0.434100
2791 544 0.024400
2791 1086 0.504400
2791 7517 0.876500
2792 136 0.908200
2792 5810 0.285200
2794 5934 0.132700
2795 6445 0.000100
2796 5114 0.318000
2796 7393 0.530100
2797 4681 0.829200
2798 1754 0.673600
2799 833 0.913000
2801 951 0.756100
2802 8616 0.168500
2803 4115 0.964000
2804 5596 0.348300
2805 2628 0.598500
2806 6130 0.731400
2809 7970 0.870800
2809 9144 0.333400
2810 7550 0.463000
2812 9090 0.166900
2814 2670 0.466400
2814 3111 0.456400
2816 8748 0.127800
2821 6672 0.639900
2821 8358 0.896500
2824 8824 0.427400
2824 9224 0.175800
2825 5479 0.294900
2828 8439 0.058700
2829 8169 0.060200
2833 2768 0.026700
2834 1482 0.550500
2834 6509 0.563100
2835 2381 0.304600
2837 8223 0.754500
2837 8439 0.671100
2838 4423 0.939800
2838 4939 0.485200
2839 2612 0.518100
2839 5551 0.789200
2839 6276 0.571200
2841 2127 0.766500
2844 1745 0.920200
2845 3732 0.210300
2846 3465 0.608100
2846 4556 0.465700
2848 8069 0.616700
2851 3978 0.203100
2852 959 0.677600
2852 1314 0.017300
2853 4480 0.226600
2854 418 0.914500
2854 5770 0.768400
2854 5791 0.533300
2854 8318 0.068400
2855 5731 0.199600
2855 6496 0.012000
2856 8178 0.966600
2857 5749 0.832200
2858 5371 0.445300
2859 8972 0.990500
2860 5156 0.794300
2861 3275 0.488600
2861 4610 0.130600
2864 570 0.212200
2866 662 0.831100
2866 9486 0.323800
2867 8784 0.738800
2868 8510 0.159900
2870 2361 0.731500
2871 980 0.053700
2872 4392 0.714400
2873 2173 0.121700
2873 7682 0.984000
2873 9212 0.593100
2874 5715 0.269500
2875 170 0.432000
2875 1272 0.930500
2875 6410 0.507900
2876 821 0.064100
2877 5015 0.659100
2878 6605 0.449200
2878 7362 0.147200
2880 1547 0.775200
2880 6471 0.531300
2881 7145 0.087900
2882 1860 0.900500
2883 346 0.868200
2883 4616 0.056300
2883 8873 0.640100
2886 3551 0.889300
2888 2588 0.347700
2892 477 0.666700
2892 2814 0.454500
2892 7523 0.446900
2894 1217 0.017000
2897 6684 0.861400
2898 4185 0.937800
2899 387 0.478800
2899 5946 0.569800
2900 1076 0.992800
2900 3230 0.404100
2902 1638 0.219800
2903 6251 0.866500
2904 7263 0.689000
2905 8286 0.171500
2907 5441 0.009000
2907 6743 0.169100
2907 7924 0.206400
2910 3715 0.901600
2911 1404 0.709100
2911 3395 0.131900
2912 1867 0.425200
2912 5885 0.661400
2912 6588 0.322400
2912 7197 0.597400
2913 2012 0.210600
2913 6266 0.189600
2913 7580 0.208300
2914 3034 0.713300
2915 2957 0.252700
2915 5577 0.270000
2917 6820 0.481800
2917 8455 0.220700
2917 9314 0.354700
2920 700 0.637700
2920 6081 0.749800
2921 6017 0.492400
2922 2090 0.617400
2922 3392 0.319500
2923 5995 0.302500
2923 8319 0.141800
2925 2594 0.844300
2925 6515 0.288200
2926 1083 0.908800
2926 2087 0.113200
2926 2452 0.613900
2927 8367 0.283900
2928 8484 0.508100
2928 9185 0.538900
2929 3100 0.052200
2930 60 0.437100
2930 5487 0.218700
2932 8130 0.918300
2935 708 0.691500
2935 6952 0.115900
2936 1894 0.359600
2937 77 0.306100
2937 3998 0.302200
2939 1815 0.561400
2940 3022 0.796100
2941 399 0.469900
2941 1554 0.791200
2941 6184 0.418800
2947 3585 0.739500
2949 40 0.357500
2952 1306 0.949800
2953 276 0.750100
2953 1463 0.019600
2954 75 0.755200
2954 1476 0.911800
2957 7926 0.347800
2957 9096 0.071300
2963 6364 0.855100
2965 590 0.094400
2966 4451 0.549600
2966 5095 0.915500
2967 2974 0.522000
2967 7538 0.052000
2969 4122 0.440900
2970 4094 0.691200
2970 8069 0.261400
2970 8300 0.895900
2971 4431 0.459700
2974 1847 0.232000
2974 2718 0.195900
2975 7558 0.849700
2976 6691 0.741600
2980 5951 0.662200
2983 2087 0.107100
2985 6563 0.836200
2985 7674 0.454900
2986 75 0.650600
2987 3163 0.904400
2987 8853 0.110700
2988 8272 0.603800
2989 7316 0.016400
2990 6377 0.091200
2992 5296 0.905700
2993 1791 0.547600
2994 2859 0.644200
2994 8033 0.235900
2995 7362 0.620600
2995 8954 0.079000
2997 1387 0.645800
2997 6690 0.176300
2999 2955 0.618900
3001 2709 0.970300
3001 8451 0.669200
3002 2536 0.331800
3002 4240 0.457900
3004 5632 0.024900
3005 2490 0.523100
3006 2615 0.989200
3006 6325 0.723400
3007 505 0.396900
3007 3988 0.590700
3007 5969 0.573200
3009 4396 0.507700
3009 6570 0.145500
3010 1032 0.290900
3010 9182 0.501100
3012 7981 0.141900
3013 2130 0.406400
3013 3147 0.593100
3013 9190 0.809400
3014 2391 0.470600
3014 4517 0.674100
3014 9244 0.757200
3015 3105 0.182100
3016 6675 0.619600
3017 1887 0.769900
3017 7271 0.421100
3020 2003 0.439000
3021 1767 0.488800
3022 4461 0.216800
3024 5928 0.832900
3026 633 0.501500
3028 3268 0.102700
3029 4841 0.364400
3031 5776 0.820800
3032 7481 0.122800
3032 9415 0.649400
3036 2466 0.736600
3036 4072 0.710700
3036 5285 0.105300
3036 8792 0.958600
3037 382 0.423700
3037 4955 0.560100
3038 8104 0.098800
3039 5615 0.483100
3040 9063 0.153600
3042 7869 0.308500
3043 1118 0.130900
3043 1937 0.343500
3044 248 0.663100
3044 3795 0.516200
3044 5114 0.796700
3048 3574 0.576600
3049 2735 0.066900
3049 5290 0.248500
3049 8144 0.908700
3050 6432 0.889500
3051 8793 0.989800
3053 7597 0.323700
3054 5212 0.987400
3054 5553 0.613900
3054 5659 0.652100
3056 2941 0.601300
3056 9455 0.797800
3062 618 0.610400
3063 7533 0.377200
3064 5366 0.174600
3067 2560 0.059900
3067 2568 0.152400
3067 5193 0.383400
3068 5135 0.013100
3073 3406 0.965400
3073 4009 0.318200
3073 4357 0.955600
3074 6855 0.029000
3076 760 0.397200
3076 2671 0.277800
3076 4383 0.361900
3076 8425 0.780500
3077 5287 0.445700
3080 8729 0.057300
3082 2697 0.048000
3082 3328 0.530800
3085 2479 0.766800
3086 2953 0.614600
3086 5175 0.932400
3086 8811 0.781600
3088 2602 0.754900
3088 8015 0.326200
3089 3465 0.522000
3090 5639 0.645600
3090 5871 0.511200
3091 3842 0.662100
3091 4637 0.231300
3094 8195 0.982600
3095 773 0.085900
3096 3009 0.412700
3097 6287 0.985300
3099 1181 0.485300
3100 4679 0.611900
3101 770 0.011200
3101 1494 0.768600
3101 7572 0.741600
3102 1278 0.217300
3103 370 0.397300
3104 3220 0.262600
3109 2162 0.078600
3110 3753 0.220100
3111 1353 0.485000
3111 3172 0.515300
3111 5616 0.839000
3112 2292 0.413200
3112 2832 0.402200
3113 4043 0.952700
3114 1966 0.335100
3114 5225 0.133800
3114 6011 0.695400
3115 8853 0.922800
3118 7978 0.487500
3119 9223 0.505700
3120 2934 0.004600
3120 2973 0.188500
3122 4862 0.779600
3122 7645 0.610800
3124 3539 0.792500
3125 4888 0.837900
3125 6965 0.687400
3126 948 0.081400
3127 141 0.806100
3128 1101 0.134800
3128 3999 0.569900
3129 3478 0.574700
3129 6021 0.016100
3129 9366 0.934800
3132 4746 0.614800
3132 6421 0.668600
3132 6729 0.421800
3134 1555 0.702800
3135 6522 0.470700
3136 650 0.408900
3137 8836 0.988600
3139 428 0.485300
3139 1262 0.117300
3139 6009 0.858100
3141 714 0.342000
3143 6231 0.316400
3144 2254 0.377500
3144 7721 0.869900
3147 3285 0.531400
3149 2311 0.025200
3149 5001 0.248400
3150 2682 0.723700
3151 7279 0.432400
3152 380 0.261500
3154 7538 0.189400
3155 3288 0.214500
3155 5537 0.494900
3155 7324 0.033000
3158 8548 0.372600
3158 9460 0.356700
3159 6944 0.274700
3159 7519 0.264400
3159 8890 0.744500
3161 1225 0.131700
3164 608 0.803100
3164 8375 0.304400
3164 8460 0.342800
3166 830 0.659300
3166 8137 0.039000
3167 6641 0.772100
3169 167 0.690100
3171 9187 0.927200
3172 5303 0.062000
3172 8821 0.687500
3175 6907 0.725700
3175 7595 0.846500
3178 5849 0.553800
3178 9016 0.842400
3179 8561 0.048900
3182 4721 0.758800
3185 8170 0.676000
3186 6169 0.874400
3188 3734 0.330900
3189 1648 0.518500
3191 5066 0.453900
3192 2433 0.179500
3192 6499 0.847400
3192 7939 0.046400
3192 8951 0.523600
3195 7065 0.232700
3196 4535 0.903300
3196 4992 0.541300
3196 8225 0.098700
3197 9015 0.857100
3200 748 0.042700
3200 4250 0.142000
3200 7795 0.217500
3201 4847 0.777500
3201 6390 0.357600
3202 9238 0.025300
3203 4905 0.833800
3204 3047 0.363200
3204 9190 0.788600
3205 4814 0.879700
3208 6348 0.676500
3209 4937 0.545200
3209 5631 0.898900
3210 6336 0.099500
3210 8081 0.090900
3211 4706 0.034200
3211 7062 0.324200
3212 3280 0.166100
3213 8509 0.998100
3214 4456 0.415500
3218 4963 0.754300
3221 3198 0.693300
3221 5679 0.770600
3221 5834 0.912300
3222 5992 0.310700
3223 301 0.204700
3223 4278 0.072900
3225 4770 0.587200
3225 9163 0.542500
3227 1794 0.644100
3227 7599 0.598000
3227 8644 0.450000
3228 6834 0.162600
3231 934 0.764900
3231 6198 0.983300
3231 7290 0.143100
3232 5863 0.827700
3234 5909 0.881100
3236 486 0.070500
3238 930 0.477900
3238 6083 0.738800
3240 5945 0.733700
3240 6541 0.816200
3241 5900 0.533500
3244 8815 0.560800
3245 8912 0.346500
3246 1024 0.550800
3247 7660 0.021100
3248 1147 0.736800
3248 6089 0.834000
3250 1141 0.836300
3250 2736 0.033100
3250 3024 0.912200
3251 211 0.094900
3252 3331 0.850900
3252 3581 0.522200
3252 6279 0.016400
3252 9368 0.129200
3253 8940 0.593200
3254 1401 0.721800
3255 5055 0.037000
3256 1227 0.176200
3256 1342 0.232400
3256 3213 0.715000
3258 3529 0.770600
3259 5514 0.589400
3260 8901 0.872900
3262 148 0.454000
3262 4764 0.983900
3262 5288 0.260000
3262 5933 0.690700
3264 1547 0.596700
3265 8470 0.279300
3267 4462 0.279200
3268 772 0.683800
3268 6141 0.811300
3268 6502 0.076200
3269 5680 0.369400
3269 6962 0.806200
3269 7729 0.958300
3270 2050 0.993700
3272 3122 0.425600
3273 726 0.433200
3273 4385 0.338400
3274 345 0.454700
3274 5463 0.770000
3275 1610 0.755700
3277 492 0.992400
3277 3836 0.203100
3277 4720 0.375400
3277 6480 0.708700
3278 2517 0.163500
3278 5436 0.324000
3278 8131 0.809000
3279 4982 0.219000
3282 9357 0.328400
3283 2866 0.462000
3284 897 0.352300
3284 4305 0.073500
3287 5694 0.505200
3288 1423 0.274200
3289 3231 0.567600
3290 2883 0.027500
3290 4233 0.613700
3293 2717 0.423600
3294 4274 0.645300
3297 4661 0.306100
3298 9239 0.290800
3300 2086 0.430500
3302 7408 0.550300
3303 3604 0.122500
3303 5769 0.130400
3303 7444 0.228800
3304 5145 0.106900
3304 7112 0.093000
3307 3955 0.188600
3308 911 0.683500
3308 2609 0.541500
3308 5227 0.521400
3309 6819 0.941800
3310 8319 0.637500
3311 2573 0.718600
3311 8545 0.424400
3312 4205 0.248400
3313 6823 0.936000
3314 7550 0.802100
3314 7610 0.761600
3319 9358 0.061800
3321 7700 0.906700
3324 2881 0.655600
3326 2110 0.947900
3326 3168 0.545200
3329 3746 0.305300
3329 8678 0.088500
3331 4500 0.421500
3331 5961 0.367500
3332 2960 0.852500
3332 3655 0.983900
3332 6598 0.053900
3334 6 0.357100
3334 4302 0.999100
3335 4684 0.415000
3338 7817 0.380600
3339 1138 0.104600
3339 4557 0.589600
3340 4318 0.146300
3341 220 0.376600
3342 265 0.936400
3342 1925 0.700400
3344 3703 0.242900
3345 7192 0.742100
3345 8422 0.326600
3353 4447 0.370000
3355 930 0.492800
3355 962 0.200600
3355 2548 0.287600
3355 3276 0.292600
3355 3424 0.429800
3356 5622 0.478100
3356 8978 0.931900
3357 1351 0.836200
3357 6423 0.290000
3357 7424 0.958100
3359 65 0.723000
3361 3595 0.864800
3361 4563 0.523200
3362 4332 0.052800
3363 4769 0.960000
3365 8000 0.672200
3366 2227 0.065500
3366 5109 0.979100
3372 3209 0.294800
3373 8297 0.949900
3375 4609 0.173400
3375 6881 0.000900
3376 1779 0.878500
3376 5690 0.850500
3376 8852 0.336400
3376 9062 0.098300
3379 6707 0.628100
3380 6291 0.400400
3380 9283 0.928100
3381 6723 0.880600
3383 855 0.619100
3384 7431 0.893900
3388 1564 0.209100
3390 1476 0.258300
3392 282 0.004100
3392 516 0.090500
3392 8823 0.595800
3392 9218 0.299300
3393 1116 0.775400
3393 8159 0.642400
3393 8794 0.179500
3394 470 0.283300
3395 726 0.135900
3395 2333 0.563500
3396 9056 0.144300
3397 8407 0.856100
3398 2378 0.030400
3398 6186 0.850300
3398 7765 0.232800
3399 6738 0.754900
3399 9311 0.056400
3400 65 0.707600
3400 4122 0.184100
3400 9443 0.994600
3401 3035 0.516700
3401 3593 0.538200
3401 8653 0.271500
3402 8014 0.378300
3404 271 0.512100
3404 7457 0.515400
3407 345 0.468900
3407 943 0.154200
3409 5786 0.215100
3412 2990 0.645200
3412 3922 0.606100
3415 5727 0.182300
3416 90 0.867700
3416 7497 0.527700
3417 3660 0.974500
3418 5979 0.285500
3419 3650 0.949100
3420 7904 0.607600
3421 1302 0.776500
3423 1770 0.063500
3424 5673 0.591200
3424 7196 0.899800
3425 9116 0.509800
3426 2074 0.532800
3426 8682 0.798600
3427 2622 0.655100
3428 2614 0.463100
3430 1291 0.557300
3431 5862 0.743000
3433 3288 0.514300
3433 4416 0.120800
3433 7346 0.268100
3435 2343 0.924900
3437 8305 0.589400
3438 558 0.539200
3438 6836 0.937300
3442 8949 0.255600
3443 1796 0.911900
3443 9119 0.557100
3444 418 0.738700
3446 9 0.684300
3447 4121 0.139700
3448 4557 0.973500
3455 120 0.424500
3455 4406 0.076200
3457 880 0.107900
3458 1780 0.972200
3458 5818 0.570400
3462 3814 0.483800
3463 929 0.645000
3464 1841 0.218200
3468 3645 0.694900
3468 7643 0.245800
3469 3294 0.633600
3469 5303 0.960100
3471 27 0.726400
3472 1257 0.969700
3473 1900 0.762100
3473 8255 0.525100
3474 367 0.446800
3474 1345 0.638400
3474 5488 0.307100
3474 9076 0.443400
3475 4221 0.665300
3475 7091 0.822300
3476 493 0.319000
3476 4158 0.657000
3478 1320 0.505400
3479 1511 0.157400
3481 1476 0.305100
3481 8963 0.105100
3482 6280 0.870600
3482 6716 0.679000
3483 2839 0.826900
3483 8274 0.946100
3488 3157 0.630600
3490 1293 0.513400
3490 4151 0.556000
3491 4537 0.987400
3493 1170 0.626900
3494 5720 0.852000
3495 2154 0.490300
3495 6595 0.020000
3496 1673 0.243800
3498 1540 0.550100
3498 5526 0.101600
3499 6319 0.474300
3500 238 0.174500
3501 1404 0.325400
3502 4883 0.110400
3504 463 0.428200
3504 4683 0.719000
3504 5419 0.767600
3505 487 0.927200
3506 4666 0.757000
3508 3598 0.332500
3510 1750 0.880600
3510 2318 0.525600
3511 7081 0.267300
3511 8737 0.168200
3512 2216 0.045000
3512 3004 0.170800
3513 131 0.925800
3513 5345 0.108600
3515 2424 0.834100
3516 8745 0.151800
3518 5987 0.855900
3519 6164 0.598600
3519 8664 0.197800
3520 3436 0.797500
3521 5691 0.787400
3524 7404 0.095600
3525 5775 0.171400
3527 3651 0.602800
3527 5733 0.325100
3529 1794 0.267300
3529 9346 0.789300
3530 1226 0.616600
3530 2332 0.686500
3530 3181 0.697400
3530 7488 0.932000
3532 8473 0.120200
3533 2974 0.606900
3534 7349 0.489900
3536 5864 0.529700
3540 7650 0.221900
3540 9063 0.748200
3542 5023 0.258200
3543 4988 0.199100
3543 6976 0.871500
3544 1263 0.027200
3546 807 0.036300
3546 2538 0.438000
3547 1204 0.065700
3548 5911 0.979400
3548 8372 0.628900
3552 32 0.656300
3552 4328 0.327900
3552 5089 0.475500
3555 7155 0.016200
3556 5540 0.200000
3557 3943 0.858500
3557 6169 0.067500
3558 1738 0.310700
3558 6388 0.826600
3558 6504 0.611900
3559 1894 0.914600
3560 8165 0.884100
3562 7257 0.245300
3563 2353 0.958200
3563 5546 0.452300
3563 6550 0.888600
3567 2824 0.464900
3568 4223 0.585200
3571 2180 0.011700
3572 1611 0.728400
3573 9035 0.415300
3575 5362 0.118600
3575 6066 0.596300
3575 7902 0.004700
3576 3573 0.939500
3578 1986 0.691400
3578 8168 0.271800
3579 6535 0.753700
3581 4162 0.658300
3582 7232 0.283700
3583 1355 0.535600
3583 8010 0.060200
3587 7018 0.677400
3590 4957 0.922900
3590 7240 0.466600
3591 2738 0.368800
3596 1977 0.917400
3597 7098 0.011600
3597 8487 0.929200
3599 6599 0.693400
3600 3065 0.821200
3600 7391 0.857700
3601 3205 0.110600
3601 7215 0.705000
3603 7663 0.551700
3604 5079 0.520600
3605 1560 0.313700
3606 3554 0.161400
3606 5568 0.319700
3608 4237 0.671100
3608 7405 0.524000
3611 2945 0.607800
3611 9293 0.760300
3612 7763 0.163900
3613 6402 0.494400
3614 1309 0.764700
3614 4957 0.300800
3614 5947 0.838900
3615 1822 0.679800
3615 8851 0.328500
3617 9119 0.538300
3620 4755 0.837800
3621 7815 0.243000
3624 8355 0.019500
3624 8922 0.607500
3625 4217 0.538800
3628 3671 0.226300
3628 8060 0.919900
3629 3650 0.936000
3630 2549 0.488600
3632 6775 0.697600
3633 3741 0.516600
3633 5346 0.285200
3633 7351 0.009500
3634 4849 0.292900
3635 3673 0.666500
3641 1846 0.155100
3641 3573 0.225600
3641 5681 0.877600
3642 1623 0.605700
3643 1186 0.646800
3643 1503 0.069200
3643 4136 0.218500
3643 5442 0.780000
3644 1514 0.629100
3645 2258 0.070600
3645 4525 0.657200
3645 5666 0.519700
3646 886 0.947500
3646 1011 0.020900
3647 2218 0.728700
3648 2992 0.398500
3648 7411 0.687200
3651 2111 0.073100
3651 3079 0.758000
3652 1186 0.050700
3653 5147 0.642400
3655 9390 0.500800
3656 2715 0.530100
3657 6898 0.738300
3658 3 0.274600
3660 8804 0.238000
3661 6847 0.759900
3668 5230 0.960100
3668 7828 0.166200
3669 2053 0.378600
3670 1713 0.096800
3670 6548 0.934600
3671 779 0.802900
3671 4832 0.730200
3671 6016 0.794700
3671 9184 0.573600
3672 4494 0.361700
3674 8180 0.161300
3674 8188 0.886400
3678 2546 0.902000
3679 829 0.758600
3681 4360 0.361800
3681 5581 0.496200
3685 5516 0.658700
3686 8504 0.289000
3688 6305 0.143100
3689 4305 0.308100
3689 5090 0.347400
3691 7951 0.139500
3691 9017 0.216200
3692 3048 0.555800
3692 3982 0.051200
3693 1830 0.417400
3693 9437 0.711600
3694 2872 0.879300
3695 763 0.601500
3695 7675 0.465000
3697 7951 0.815400
3700 3277 0.322100
3700 8606 0.376400
3701 9331 0.138000
3702 2871 0.653600
3703 3088 0.025500
3704 1633 0.233700
3704 5339 0.978800
3706 3613 0.943000
3706 4237 0.981100
3706 8038 0.067000
3707 7010 0.195300
3708 5043 0.423400
3711 3206 0.537100
3712 2139 0.463300
3712 3276 0.625900
3712 5644 0.502600
3715 5175 0.791800
3716 400 0.710400
3716 1595 0.569400
3718 2787 0.157100
3718 3492 0.625600
3718 4138 0.925800
3720 4129 0.983200
3720 5748 0.723200
3721 8940 0.187600
3722 4057 0.860100
3722 8095 0.129100
3723 3487 0.743500
3724 2821 0.047900
3725 8853 0.649700
3727 147 0.059500
3729 1902 0.919800
3729 5476 0.171700
3730 311 0.088000
3730 665 0.304500
3730 3267 0.671600
3730 5190 0.204400
3731 516 0.974800
3732 1213 0.039600
3733 4442 0.491800
3733 7844 0.640900
3735 2335 0.405000
3737 4475 0.057100
3738 2518 0.630300
3738 3700 0.214600
3738 8340 0.629700
3740 8612 0.394600
3742 2915 0.796100
3742 8649 0.879000
3743 1983 0.780100
3743 6255 0.702500
3743 7097 0.420700
3745 3000 0.643900
3745 3739 0.078300
3745 6002 0.380700
3746 7487 0.437700
3749 650 0.407000
3749 6056 0.273800
3751 3228 0.231400
3752 4100 0.737900
3754 7300 0.879400
3754 8991 0.772500
3755 8707 0.035800
3756 5260 0.554300
3756 6265 0.588200
3756 7045 0.246200
3758 757 0.398400
3758 5228 0.806800
3759 622 0.301800
3759 3631 0.489600
3761 2944 0.781300
3764 6634 0.450000
3764 7358 0.833200
3766 4125 0.676700
3767 4688 0.086600
3768 669 0.980700
3768 7079 0.566400
3768 7488 0.207700
3769 5620 0.095600
3770 9106 0.062500
3772 4388 0.025800
3772 4890 0.334100
3773 6923 0.556800
3774 6955 0.845900
3775 3474 0.626800
3775 5129 0.599900
3776 1680 0.210600
3779 8595 0.253900
3782 4294 0.652000
3782 9119 0.328900
3783 3268 0.523200
3783 8159 0.124700
3783 8230 0.452700
3784 1708 0.992600
3785 3475 0.399200
3786 7692 0.061900
3788 8541 0.293000
3789 5519 0.552300
3789 7655 0.740100
3790 31 0.318400
3790 655 0.493900
3790 896 0.628700
3793 5106 0.753100
3794 8840 0.693900
3795 1963 0.136900
3796 7932 0.907000
3798 5690 0.378900
3799 9296 0.529600
3801 4909 0.988600
3802 1656 0.958200
3807 2043 0.817600
3807 6078 0.423900
3810 6477 0.818000
3812 3538 0.444500
3812 4223 0.380300
3812 5494 0.707200
3813 5577 0.238900
3814 576 0.175800
3814 6543 0.238100
3816 958 0.283600
3817 6361 0.040600
3817 8840 0.551400
3818 9024 0.942500
3819 275 0.787800
3819 746 0.241400
3819 4155 0.696000
3820 1329 0.015300
3823 2549 0.768500
3826 9031 0.331900
3827 2438 0.322300
3827 4209 0.765400
3828 3688 0.384200
3828 8432 0.218600
3830 2045 0.563300
3831 8513 0.220600
3833 1721 0.162600
3834 2750 0.399600
3834 4056 0.020400
3836 4087 0.423300
3836 4818 0.003300
3836 4897 0.044900
3836 7364 0.189100
3838 7139 0.201300
3840 5268 0.600300
3841 1024 0.231700
3841 3422 0.566500
3841 3983 0.550700
3844 1725 0.338000
3844 3901 0.989900
3845 1301 0.148400
3845 8602 0.851300
3847 8990 0.787200
3849 2776 0.524300
3850 4040 0.018800
3850 4985 0.263500
3851 5310 0.998600
3854 4509 0.710500
3856 7060 0.218100
3857 1509 0.641600
3857 2254 0.121100
3859 2286 0.556700
3859 6083 0.788000
3861 3173 0.414500
3861 6665 0.083700
3862 2191 0.587100
3863 583 0.639300
3863 6732 0.125200
3865 2989 0.865300
3869 1405 0.487800
3871 6455 0.276000
3874 5860 0.311500
3874 7996 0.666600
3875 3564 0.500100
3875 5949 0.444100
3876 1275 0.325600
3876 6384 0.565900
3877 713 0.015200
3878 8017 0.552800
3884 6779 0.935800
3885 635 0.481800
3886 529 0.328500
3886 6018 0.803100
3887 9125 0.143500
3891 2492 0.078600
3894 651 0.445400
3895 2687 0.465500
3895 6516 0.736700
3897 753 0.699000
3900 136 0.533100
3901 2850 0.206300
3901 6080 0.157000
3901 6818 0.402200
3902 5655 0.437600
3902 6051 0.975100
3903 3912 0.926700
3905 133 0.308100
3905 4003 0.862600
3905 4122 0.560200
3906 1034 0.544200
3906 1369 0.842300
3906 3759 0.788000
3908 7727 0.536400
3909 2910 0.001800
3912 12 0.370200
3912 1159 0.436100
3913 3822 0.633200
3914 3278 0.146800
3914 5913 0.565400
3915 9462 0.403100
3916 8104 0.054000
3917 6759 0.136000
3918 3796 0.390500
3920 6429 0.457600
3921 8146 0.331900
3922 3169 0.857300
3922 4279 0.607200
3923 9389 0.197100
3924 4654 0.143500
3924 5027 0.767400
3925 6510 0.652700
3927 6555 0.342300
3928 1242 0.056600
3931 6142 0.420400
3931 6918 0.460900
3934 2308 0.535500
3940 3302 0.828400
3944 2720 0.998400
3944 3540 0.382400
3945 6301 0.190100
3945 6314 0.992400
3946 8312 0.679900
3948 2542 0.934900
3948 4878 0.636400
3948 6052 0.648700
3949 2461 0.382600
3949 7625 0.027900
3950 5965 0.593100
3951 7109 0.731300
3952 3749 0.653100
3953 9094 0.062000
3954 8468 0.153000
3955 2944 0.755700
3957 1030 0.495800
3959 6462 0.384400
3960 9193 0.288300
3960 9308 0.186400
3961 1279 0.947300
3962 527 0.398100
3962 3470 0.139200
3966 1235 0.541400
3968 1057 0.030500
3969 4694 0.548500
3970 70 0.396600
3971 6701 0.760900
3972 6947 0.162800
3973 5120 0.468100
3973 5123 0.593600
3974 910 0.085300
3975 8413 0.497100
3976 2520 0.776900
3978 6489 0.133800
3979 2992 0.700200
3980 4240 0.830700
3980 7855 0.513100
3980 8578 0.004800
3981 5968 0.356700
3981 6496 0.973000
3983 2979 0.144700
3983 3947 0.774800
3984 274 0.361000
3988 3468 0.281600
3989 2030 0.543400
3989 8704 0.407200
3989 8731 0.920300
3990 6529 0.356900
3991 3 0.112500
3991 3006 0.255100
3992 7257 0.155700
3994 1112 0.813100
3994 8592 0.629600
3995 4026 0.659400
4000 7391 0.664100
4001 1813 0.547300
4001 5127 0.285900
4001 8535 0.097300
4002 57 0.831200
4002 5463 0.315000
4002 6592 0.598800
4003 1616 0.468800
4004 3168 0.658200
4004 5893 0.261000
4004 7418 0.284500
4005 202 0.691100
4005 3544 0.973500
4005 5267 0.282600
4006 798 0.854000
4006 2184 0.901300
4007 4169 0.837800
4009 8036 0.752300
4010 5637 0.259100
4011 3476 0.947100
4011 7091 0.847100
4014 8637 0.842400
4015 5240 0.777200
4016 4675 0.473800
4016 9451 0.851200
4020 1903 0.929200
4022 4026 0.024200
4022 5299 0.729100
4025 4289 0.466300
4025 7440 0.591200
4026 701 0.984500
4027 188 0.847000
4027 304 0.976700
4027 6646 0.344900
4029 1093 0.277400
4029 5563 0.316400
4030 2090 0.336500
4031 4923 0.548100
4032 5645 0.285200
4033 2432 0.915900
4035 2272 0.670700
4036 9260 0.785500
4041 3684 0.183000
4042 286 0.140900
4042 1463 0.055700
4043 2069 0.618400
4043 4199 0.589900
4044 6126 0.375000
4046 6758 0.022600
4046 9186 0.159300
4049 9079 0.506800
4051 566 0.787200
4053 6052 0.762000
4053 6788 0.934300
4054 1009 0.795200
4054 6439 0.454300
4055 3519 0.344400
4055 3923 0.132900
4055 7168 0.561200
4056 885 0.207600
4056 4682 0.118000
4056 6683 0.767700
4057 7738 0.457300
4058 2216 0.725800
4064 226 0.106700
4065 8013 0.439100
4067 2737 0.557400
4068 2217 0.855600
4069 5496 0.911900
4071 1796 0.351300
4072 2817 0.372400
4072 6748 0.102200
4073 587 0.657600
4073 7444 0.218800
4074 4374 0.866400
4076 7948 0.393400
4076 9325 0.453900
4077 1885 0.181800
4079 8804 0.067400
4080 9470 0.784600
4081 4339 0.801900
4082 9088 0.463400
4084 718 0.852400
4084 9391 0.625600
4085 1468 0.180500
4086 458 0.030100
4087 3227 0.129800
4087 5022 0.315600
4088 1060 0.731500
4088 1923 0.773000
4088 4528 0.148600
4088 7203 0.795800
4089 8659 0.165300
4090 552 0.717100
4091 1210 0.078600
4092 3520 0.393900
4093 2048 0.815800
4093 5343 0.530000
4095 9247 0.947400
4097 2068 0.316700
4097 3169 0.578200
4099 7182 0.190200
4103 5391 0.392300
4104 8117 0.998800
4105 4737 0.343700
4105 6211 0.908600
4107 415 0.697700
4108 648 0.029800
4110 6361 0.481300
4111 5514 0.676900
4111 5850 0.402500
4117 267 0.154100
4117 460 0.561200
4118 1220 0.949300
4119 2859 0.959300
4119 9329 0.989900
4120 7873 0.836000
4121 1548 0.654100
4122 1634 0.869200
4123 1429 0.863800
4123 5994 0.761900
4126 2712 0.165300
4127 1508 0.079500
4127 4136 0.508900
4128 472 0.093000
4129 2167 0.437900
4129 2884 0.312000
4129 3410 0.379200
4130 5174 0.995600
4131 2610 0.869500
4132 323 0.947900
4132 3917 0.254300
4132 6159 0.048500
4133 2326 0.831800
4134 3039 0.688700
4135 800 0.596000
4135 1470 0.214700
4136 667 0.535200
4138 199 0.055800
4139 4691 0.431000
4139 5748 0.190700
4140 5177 0.327800
4141 442 0.937700
4141 8892 0.847400
4144 960 0.257000
4144 4839 0.377200
4144 5787 0.733500
4144 8748 0.782200
4145 7408 0.011600
4145 7831 0.221700
4147 2770 0.067100
4147 6737 0.705700
4147 7622 0.875900
4148 1622 0.277500
4148 1653 0.692800
4149 8035 0.139000
4149 8778 0.374800
4154 4707 0.835900
4154 6957 0.695700
4155 391 0.694900
4155 818 0.853400
4155 6580 0.294600
4156 4249 0.651000
4156 4523 0.298600
4156 7956 0.944700
4159 4380 0.780800
4159 4731 0.825000
4160 2466 0.736200
4161 165 0.793700
4161 6598 0.405200
4162 5392 0.130600
4162 6780 0.159600
4163 1095 0.816600
4163 3300 0.030600
4164 1978 0.544000
4164 9087 0.823500
4165 3377 0.948400
4166 378 0.460300
4166 1853 0.069500
4167 639 0.522400
4167 5267 0.195900
4168 1007 0.298700
4169 3240 0.975700
4170 1435 0.165300
4170 5747 0.777300
4171 6914 0.341400
4171 8657 0.474100
4173 3662 0.100200
4175 3192 0.060200
4175 4920 0.861700
4175 5315 0.070900
4176 8238 0.882800
4177 2064 0.393800
4178 4555 0.440100
4180 5917 0.350700
4181 8290 0.032400
4183 2996 0.725600
4185 45 0.353500
4185 363 0.641100
4185 8888 0.771600
4189 510 0.677100
4189 4585 0.485900
4191 4188 0.812100
4191 8513 0.076000
4192 6360 0.028300
4194 5672 0.433500
4195 8110 0.143500
4195 8683 0.808000
4196 5594 0.001800
4196 9385 0.096200
4198 114 0.421700
4198 1613 0.235100
4198 3627 0.956300
4198 4794 0.371500
4199 8992 0.491300
4200 5503 0.267500
4203 6215 0.576300
4203 7997 0.520000
4205 7580 0.978900
4206 1950 0.660700
4206 5246 0.846200
4207 1499 0.087100
4208 3533 0.422900
4209 3549 0.041400
4209 4351 0.602100
4210 2325 0.731400
4211 4487 0.682600
4211 4602 0.061000
4211 6652 0.676500
4214 6508 0.307100
4215 592 0.348300
4216 254 0.726500
4216 6927 0.107100
4219 6529 0.252500
4220 4698 0.438900
4221 1984 0.587200
4221 4930 0.307000
4222 4656 0.435500
4224 4905 0.310300
4224 5210 0.916000
4225 3674 0.658400
4226 2071 0.176900
4229 6190 0.645100
4231 2584 0.035300
4231 7385 0.782600
4231 8302 0.001800
4233 2266 0.384500
4233 5107 0.672500
4236 3128 0.039500
4238 6732 0.434800
4238 8200 0.174400
4239 5900 0.583200
4242 299 0.191000
4243 4049 0.383600
4245 3987 0.882200
4245 6092 0.001800
4245 7873 0.680200
4248 3464 0.282500
4248 8934 0.821400
4249 2334 0.294100
4249 4973 0.390100
4251 6740 0.951100
4253 73 0.835300
4253 1620 0.890200
4253 5431 0.932600
4253 6785 0.129400
4259 6521 0.348300
4260 5672 0.713600
4261 3940 0.625100
4264 8964 0.833600
4265 1920 0.220500
4265 5202 0.319300
4266 3437 0.219400
4270 1090 0.028000
4274 676 0.680200
4274 5694 0.286100
4276 6839 0.030800
4277 1733 0.284500
4278 795 0.113200
4280 4510 0.071600
4280 5139 0.581000
4281 6638 0.011000
4281 7391 0.843500
4281 9315 0.066100
4283 3939 0.484100
4284 825 0.162400
4285 8687 0.422000
4286 2177 0.863100
4286 4696 0.656400
4287 618 0.962500
4291 2944 0.395800
4291 4962 0.411900
4291 7482 0.779300
4292 234 0.902100
4292 2902 0.669300
4292 4758 0.171400
4293 2705 0.319800
4293 4789 0.271200
4294 6270 0.230800
4296 2555 0.702500
4296 2981 0.309500
4297 1254 0.973900
4297 1524 0.862400
4297 6224 0.619800
4298 7999 0.879400
4299 550 0.307100
4300 5865 0.626200
4300 7615 0.634000
4302 6301 0.301200
4304 1204 0.583000
4304 6215 0.107700
4305 2424 0.798400
4305 3079 0.875100
4305 3241 0.647700
4306 1924 0.055100
4306 2039 0.938600
4307 616 0.058000
4308 4833 0.249100
4309 0 0.375100
4309 1765 0.413500
4310 3327 0.165200
4310 5655 0.942000
4311 4191 0.128000
4313 1682 0.755400
4313 7634 0.640200
4315 8329 0.306600
4317 6198 0.115700
4318 2293 0.955500
4318 8641 0.824100
4319 447 0.152200
4319 5181 0.392900
4319 8581 0.462800
4320 4405 0.737800
4321 466 0.875700
4323 4058 0.973800
4323 9253 0.723900
4324 8989 0.622900
4325 7658 0.842100
4327 8453 0.378000
4328 6806 0.898700
4333 380 0.788800
4334 3425 0.908800
4334 8320 0.421400
4337 1902 0.070600
4338 9131 0.907500
4339 1525 0.612700
4342 1046 0.750300
4343 3005 0.580400
4343 4063 0.994500
4346 6369 0.165900
4349 1037 0.708800
4352 2965 0.166700
4354 4118 0.079300
4354 5532 0.634100
4355 1353 0.551500
4356 7989 0.772300
4357 5268 0.054900
4357 5634 0.046600
4361 345 0.582500
4362 3863 0.761700
4362 5403 0.185300
4362 9155 0.536000
4364 4580 0.573700
4365 1166 0.604900
4366 3547 0.040800
4367 1619 0.270100
4367 8809 0.178900
4369 9005 0.527700
4374 2065 0.735100
4375 5432 0.917600
4376 65 0.030600
4377 8511 0.824200
4378 82 0.847400
4379 4296 0.469600
4380 1375 0.370300
4381 2190 0.075600
4385 4734 0.170000
4385 8733 0.672000
4387 2401 0.590100
4387 4018 0.667800
4388 3187 0.450300
4388 3785 0.791900
4388 8137 0.455800
4390 2325 0.894500
4391 5540 0.072600
4391 7952 0.635400
4394 3018 0.808600
4395 8163 0.321100
4398 7034 0.536100
4399 4371 0.866100
4399 7617 0.534200
4400 2305 0.793600
4401 4757 0.586200
4402 924 0.881500
4402 5278 0.443200
4403 1317 0.093200
4404 1905 0.929500
4404 2057 0.418600
4408 5526 0.526700
4409 1136 0.690900
4409 5163 0.054700
4412 1991 0.340400
4412 9329 0.792800
4414 5489 0.006500
4417 5085 0.054200
4418 606 0.274100
4418 5621 0.357500
4418 5769 0.781100
4418 6366 0.188800
4419 7942 0.406500
4420 1397 0.694000
4420 2424 0.829500
4420 8632 0.546200
4421 1181 0.912300
4421 3148 0.917600
4421 3296 0.618500
4421 8760 0.910500
4422 539 0.893900
4422 3002 0.345300
4422 5961 0.996400
4425 730 0.890300
4425 4244 0.363800
4426 1618 0.782900
4426 5276 0.328300
4427 4225 0.156700
4427 6780 0.739500
4429 7962 0.631700
4431 699 0.599900
4431 780 0.240600
4431 6020 0.282300
4431 6187 0.798700
4432 1915 0.586900
4432 3664 0.301800
4432 4692 0.296100
4433 3041 0.225200
4433 5050 0.505400
4435 1014 0.565000
4436 5858 0.068900
4438 900 0.163900
4438 3916 0.510500
4438 6056 0.541500
4439 531 0.510000
4439 5249 0.121900
4439 6830 0.155700
4441 7279 0.409100
4442 30 0.693700
4448 7072 0.780800
4449 6753 0.636400
4450 2176 0.581800
4450 4223 0.974700
4452 1060 0.529600
4453 1513 0.288400
4453 3658 0.196200
4454 1964 0.215400
4454 3090 0.437700
4454 6824 0.566900
4456 4768 0.915600
4461 4024 0.316100
4464 3193 0.281000
4464 3788 0.618900
4467 2422 0.220400
4468 5309 0.172000
4471 5065 0.016400
4471 5179 0.516300
4472 1617 0.002400
4472 1655 0.556000
4472 5948 0.555700
4472 8614 0.073700
4474 5137 0.396900
4475 1023 0.772200
4475 9283 0.572500
4477 409 0.403100
4477 9169 0.523300
4479 2679 0.392500
4479 2801 0.067000
4479 8273 0.778500
4480 4957 0.764300
4480 9233 0.568500
4481 8180 0.614500
4482 7112 0.588900
4482 8952 0.616600
4484 3635 0.239800
4485 560 0.791100
4487 2987 0.705600
4488 2990 0.737900
4488 5070 0.138400
4489 7084 0.005500
4491 2529 0.738500
4491 5778 0.810800
4492 3801 0.564700
4492 7368 0.055700
4492 7369 0.323100
4493 2846 0.933600
4494 5761 0.852800
4495 2806 0.686800
4495 6411 0.167200
4498 1964 0.679700
4498 3809 0.079600
4498 5337 0.561000
4498 7844 0.459000
4499 147 0.665100
4499 3405 0.434100
4499 9489 0.030700
4500 5671 0.442400
4502 472 0.467100
4504 7310 0.010400
4505 5112 0.593600
4506 2282 0.301600
4506 2885 0.825900
4507 1927 0.915900
4508 6967 0.267400
4508 8564 0.296000
4509 5724 0.092500
4509 7628 0.725800
4510 6575 0.717500
4511 9025 0.620900
4513 8855 0.376100
4515 359 0.630700
4515 3346 0.517300
4518 5624 0.650200
4518 6615 0.871300
4518 7274 0.331000
4521 3594 0.557500
4521 3883 0.028600
4522 7766 0.220900
4523 526 0.785600
4523 724 0.290900
4523 3227 0.057200
4523 6168 0.698900
4524 7226 0.638300
4525 2243 0.647700
4525 3705 0.882600
4525 5187 0.164100
4526 4572 0.666700
4527 158 0.383200
4527 6864 0.693200
4528 6432 0.304200
4530 870 0.649600
4531 7538 0.359500
4531 7767 0.912900
4532 8137 0.388800
4540 3450 0.678000
4540 8798 0.752700
4542 904 0.199400
4542 4723 0.678300
4542 5243 0.791000
4545 1157 0.726200
4545 6889 0.175200
4545 8006 0.103200
4545 8365 0.817500
4546 3153 0.980100
4547 5905 0.751700
4547 7799 0.909700
4547 8706 0.608500
4548 7364 0.459200
4550 3682 0.045900
4550 5928 0.599700
4552 2699 0.781400
4552 6874 0.818100
4553 6184 0.223100
4554 7449 0.732900
4555 171 0.677600
4558 8598 0.972100
4559 4192 0.411600
4559 6941 0.051200
4560 1567 0.315300
4560 2423 0.314800
4561 2227 0.492700
4564 3988 0.055600
4565 3768 0.095000
4565 9102 0.239100
4566 977 0.782400
4566 1459 0.868800
4566 6617 0.624000
4568 711 0.332500
4569 916 0.271200
4569 1595 0.032000
4570 5823 0.869300
4570 9356 0.247600
4575 6282 0.985400
4577 3823 0.127600
4578 3090 0.533000
4578 6487 0.378600
4579 2732 0.783800
4579 4156 0.914100
4584 932 0.361100
4585 1109 0.911000
4585 7147 0.119100
4586 8895 0.034800
4586 9249 0.904500
4587 3081 0.930700
4587 3293 0.590000
4589 2612 0.056400
4594 1776 0.882200
4594 8442 0.849500
4597 2631 0.568700
4598 3740 0.460600
4598 8553 0.067600
4601 1617 0.383200
4602 3402 0.740400
4603 448 0.522300
4605 9359 0.496800
4606 1770 0.830200
4611 1222 0.016800
4611 6161 0.264100
4611 7620 0.141900
4612 4384 0.033000
4613 1663 0.289300
4613 2410 0.893900
4613 2910 0.163100
4613 6156 0.989000
4615 5098 0.131300
4616 7758 0.467300
4617 2051 0.370200
4618 1217 0.657600
4619 5677 0.873600
4622 7431 0.294900
4622 8611 0.272800
4623 9443 0.080900
4624 1501 0.186300
4625 5137 0.760000
4627 3665 0.909600
4628 1255 0.644600
4629 1055 0.517400
4629 2342 0.701600
4629 6093 0.045100
4629 8739 0.890300
4630 1165 0.672600
4631 5365 0.164900
4632 847 0.502600
4634 66 0.531800
4635 739 0.624000
4636 9040 0.964600
4637 5849 0.569200
4638 8913 0.577700
4640 1825 0.937500
4641 4416 0.061600
4644 7582 0.659000
4644 7813 0.099400
4645 5912 0.608700
4646 274 0.804400
4646 2564 0.032300
4647 2645 0.521900
4647 4066 0.297600
4648 2076 0.660600
4649 5725 0.597700
4650 3469 0.061500
4651 8258 0.891200
4653 8107 0.953300
4655 7597 0.180900
4656 7118 0.073500
4658 84 0.988000
4660 923 0.427900
4661 6444 0.759000
4662 5591 0.923200
4663 6262 0.872100
4664 84 0.963400
4664 9210 0.296800
4665 8326 0.710000
4666 1355 0.901100
4667 2184 0.874200
4667 4399 0.828600
4668 551 0.035200
4668 4628 0.906100
4669 5059 0.627900
4670 2539 0.572600
4672 175 0.738200
4672 6684 0.508200
4673 5680 0.864800
4674 7426 0.140200
4675 170 0.657100
4678 1341 0.593000
4678 8436 0.513400
4679 7523 0.244600
4680 1834 0.973500
4680 7194 0.916200
4683 377 0.652000
4684 4988 0.110500
4685 377 0.514600
4687 3297 0.481100
4687 4079 0.068200
4687 8663 0.388800
4688 9463 0.805200
4690 4706 0.786700
4691 1919 0.120000
4691 7524 0.412000
4692 245 0.798100
4695 1809 0.252700
4695 5717 0.587500
4695 8586 0.036700
4696 534 0.681600
4696 2160 0.826800
4696 8646 0.699900
4697 4998 0.351800
4698 1833 0.489100
4699 5510 0.284100
4701 8104 0.266000
4706 6790 0.764900
4709 7263 0.584400
4709 7901 0.538600
4710 590 0.990700
4713 4096 0.769200
4714 1838 0.586100
4715 1062 0.790900
4715 4255 0.548900
4715 7378 0.076400
4716 8062 0.474300
4718 207 0.849700
4718 3665 0.403100
4718 3959 0.236800
4720 5644 0.541500
4721 4077 0.368900
4723 876 0.758500
4723 7920 0.769000
4724 7404 0.346300
4725 2897 0.967500
4726 290 0.355800
4726 8008 0.193200
4726 9277 0.091100
4727 8733 0.313200
4730 2655 0.958300
4730 8233 0.638500
4731 2396 0.208100
4731 6066 0.333100
4733 9252 0.343000
4734 1186 0.894800
4734 3686 0.504200
4737 3553 0.562200
4739 4168 0.789300
4740 8217 0.350900
4740 8851 0.220200
4746 2460 0.822800
4746 8667 0.076000
4748 7948 0.082200
4750 8186 0.309700
4751 1861 0.855500
4751 8175 0.474300
4752 7052 0.324200
4753 8545 0.460000
4753 9111 0.674200
4754 857 0.574100
4754 959 0.842800
4754 9055 0.075800
4755 1965 0.259800
4755 9424 0.687600
4757 4757 0.432500
4757 9319 0.323700
4758 2590 0.046100
4759 5375 0.310400
4759 6215 0.426600
4760 4091 0.615600
4761 3169 0.243000
4762 6771 0.844700
4767 87 0.882800
4767 3292 0.928300
4769 2026 0.562600
4770 1193 0.303000
4770 6992 0.770100
4771 7983 0.507200
4773 12 0.612600
4773 9072 0.686600
4774 231 0.083900
4774 687 0.714100
4776 6850 0.298400
4779 2986 0.233200
4780 3496 0.317400
4780 6667 0.282000
4781 6216 0.250600
4782 717 0.123500
4782 7180 0.668100
4784 4502 0.278400
4785 6264 0.247600
4785 7856 0.568800
4785 8307 0.051300
4786 2980 0.823200
4786 6036 0.036900
4787 3152 0.267200
4787 6454 0.302200
4787 8881 0.662300
4788 2399 0.625800
4789 6225 0.712300
4790 4395 0.275800
4792 7302 0.996100
4792 9178 0.300400
4793 912 0.501300
4795 411 0.132300
4795 1596 0.897600
4795 4822 0.237900
4796 5270 0.067100
4796 6864 0.365600
4797 4279 0.989000
4798 40 0.212000
4798 2051 0.287500
4798 4468 0.504600
4799 5314 0.630600
4800 6110 0.393200
4804 8315 0.680000
4807 4308 0.130000
4808 4252 0.070200
4808 7431 0.045400
4809 974 0.553900
4809 2344 0.890800
4809 3794 0.585800
4810 1882 0.531500
4810 5960 0.644000
4812 1505 0.407500
4812 5963 0.261400
4814 3967 0.609200
4815 1604 0.632800
4817 3416 0.759300
4817 4787 0.233900
4818 296 0.288700
4819 7705 0.022700
4821 474 0.291400
4821 5991 0.354100
4822 3026 0.649600
4824 7211 0.607600
4824 9279 0.756200
4825 8492 0.884400
4826 9113 0.895500
4830 7980 0.078100
4832 9296 0.525900
4834 5860 0.045100
4838 6481 0.796600
4842 7604 0.314800
4843 4136 0.235500
4843 5758 0.267400
4844 5361 0.142400
4845 6221 0.193900
4850 7242 0.833400
4851 3515 0.745100
4851 6707 0.743900
4852 7146 0.265900
4852 7236 0.113400
4853 1232 0.049000
4855 3845 0.276100
4855 5583 0.657400
4856 1838 0.626700
4856 4794 0.574100
4857 3043 0.200400
4857 7021 0.409400
4858 255 0.284300
4860 2289 0.834100
4861 7483 0.757400
4863 3370 0.865900
4863 5291 0.416900
4863 6380 0.742500
4864 3213 0.069900
4864 4174 0.958500
4864 4973 0.687200
4865 8931 0.260000
4866 8382 0.735600
4868 4842 0.478600
4869 7666 0.871400
4870 7147 0.322600
4871 549 0.561000
4871 6899 0.245900
4874 3577 0.134500
4874 6024 0.237600
4878 1350 0.363700
4878 2547 0.688100
4879 4716 0.039000
4879 7054 0.688700
4879 8314 0.260800
4880 4282 0.856600
4881 538 0.546100
4882 1896 0.460500
4883 530 0.152700
4886 6922 0.255800
4888 4693 0.391600
4892 6013 0.964600
4893 1005 0.519400
4893 5055 0.120900
4894 7700 0.914900
4895 8596 0.456600
4898 2242 0.904700
4898 6142 0.291900
4898 8618 0.782200
4898 8693 0.055900
4902 4511 0.213000
4902 8636 0.776500
4904 302 0.696800
4904 640 0.907900
4904 2343 0.608900
4905 6115 0.544600
4907 7646 0.753100
4908 860 0.877300
4908 9211 0.893800
4909 1290 0.855800
4911 1449 0.683200
4912 6301 0.407600
4913 8750 0.047900
4914 2073 0.238400
4914 5585 0.014000
4915 5990 0.381700
4915 7459 0.907100
4917 4637 0.303600
4919 7140 0.867300
4920 4209 0.147200
4920 7581 0.309900
4921 5233 0.418200
4921 8730 0.210200
4922 6101 0.767500
4922 7915 0.242500
4923 8445 0.886100
4926 602 0.297500
4926 8093 0.190700
4927 2937 0.724100
4930 2611 0.956800
4930 3086 0.901500
4930 6068 0.700600
4933 4195 0.813500
4934 2807 0.866400
4934 2880 0.888200
4934 6014 0.230500
4937 7794 0.626500
4937 7908 0.243900
4937 7998 0.442700
4939 1265 0.782800
4939 3063 0.715800
4939 5558 0.244600
4939 8998 0.737800
4940 2524 0.907800
4941 1545 0.842200
4941 2448 0.971500
4942 3737 0.142900
4942 5269 0.856900
4942 8733 0.762100
4944 4972 0.760300
4945 5776 0.459400
4945 7817 0.384100
4948 7476 0.107400
4949 2759 0.455500
4949 2768 0.147200
4949 4839 0.293600
4951 2953 0.380400
4951 4003 0.924500
4952 4168 0.193500
4955 5397 0.655100
4955 9035 0.394200
4956 3195 0.193500
4956 7891 0.031700
4958 9061 0.801800
4960 2040 0.313300
4961 1579 0.746900
4962 177 0.590600
4964 1817 0.296400
4966 5777 0.815500
4966 6046 0.892500
4968 2464 0.589600
4969 2931 0.815200
4971 2606 0.555100
4974 2573 0.814600
4976 2501 0.038400
4976 4248 0.848500
4976 5686 0.114500
4976 7766 0.151200
4977 5069 0.728000
4980 3736 0.202000
4980 6204 0.738000
4984 7722 0.867200
4985 2988 0.209000
4985 3374 0.728800
4985 3979 0.613300
4987 1386 0.513000
4987 8926 0.959300
4988 3448 0.184400
4992 8830 0.200700
4995 7680 0.659100
4996 3740 0.739100
4997 8558 0.374400
4997 8900 0.976100
4998 3087 0.035200
4998 6524 0.328200
